foil_profile_rR0.800.txt
     1.000000    0.002706
     0.996836    0.003056
     0.993671    0.003404
     0.990507    0.003750
     0.987342    0.004094
     0.984178    0.004436
     0.981013    0.004776
     0.977849    0.005115
     0.974684    0.005451
     0.971520    0.005784
     0.968355    0.006116
     0.965191    0.006446
     0.962026    0.006774
     0.958862    0.007100
     0.955697    0.007423
     0.952533    0.007745
     0.949368    0.008064
     0.946204    0.008381
     0.943039    0.008696
     0.939875    0.009009
     0.936710    0.009320
     0.933546    0.009628
     0.930381    0.009935
     0.927217    0.010239
     0.924052    0.010542
     0.920888    0.010842
     0.917723    0.011141
     0.914559    0.011437
     0.911394    0.011732
     0.908229    0.012024
     0.905065    0.012315
     0.901900    0.012603
     0.898736    0.012890
     0.895571    0.013175
     0.892407    0.013457
     0.889242    0.013738
     0.886078    0.014017
     0.882913    0.014294
     0.879749    0.014569
     0.876584    0.014843
     0.873420    0.015114
     0.870255    0.015383
     0.867091    0.015650
     0.863926    0.015916
     0.860762    0.016179
     0.857597    0.016440
     0.854433    0.016700
     0.851268    0.016957
     0.848104    0.017212
     0.844939    0.017465
     0.841775    0.017717
     0.838610    0.017966
     0.835446    0.018213
     0.832281    0.018458
     0.829117    0.018701
     0.825952    0.018942
     0.822788    0.019181
     0.819623    0.019418
     0.816459    0.019653
     0.813294    0.019885
     0.810130    0.020116
     0.806965    0.020345
     0.803801    0.020571
     0.800636    0.020796
     0.797472    0.021018
     0.794307    0.021239
     0.791143    0.021457
     0.787978    0.021673
     0.784813    0.021888
     0.781649    0.022100
     0.778484    0.022310
     0.775320    0.022518
     0.772155    0.022724
     0.768991    0.022928
     0.765826    0.023129
     0.762662    0.023329
     0.759497    0.023527
     0.756333    0.023722
     0.753168    0.023916
     0.750004    0.024107
     0.743831    0.024475
     0.737658    0.024834
     0.731485    0.025186
     0.725313    0.025529
     0.719140    0.025864
     0.712967    0.026192
     0.706794    0.026511
     0.700621    0.026822
     0.694449    0.027125
     0.688276    0.027419
     0.682103    0.027705
     0.675930    0.027983
     0.669758    0.028252
     0.663585    0.028513
     0.657412    0.028765
     0.651239    0.029009
     0.645066    0.029245
     0.638894    0.029472
     0.632721    0.029690
     0.626548    0.029900
     0.620375    0.030102
     0.614202    0.030295
     0.608030    0.030479
     0.601857    0.030655
     0.595684    0.030822
     0.589511    0.030980
     0.583338    0.031130
     0.577165    0.031271
     0.570993    0.031403
     0.564820    0.031527
     0.558647    0.031642
     0.552474    0.031749
     0.546301    0.031847
     0.540129    0.031937
     0.533956    0.032018
     0.527783    0.032091
     0.521610    0.032156
     0.515437    0.032212
     0.509264    0.032260
     0.503092    0.032300
     0.496919    0.032331
     0.490746    0.032354
     0.484573    0.032369
     0.478400    0.032376
     0.472227    0.032375
     0.466055    0.032364
     0.459882    0.032343
     0.453709    0.032314
     0.447536    0.032275
     0.441363    0.032227
     0.435190    0.032170
     0.429017    0.032104
     0.422845    0.032029
     0.416672    0.031945
     0.410499    0.031852
     0.404326    0.031750
     0.398153    0.031640
     0.391980    0.031520
     0.385807    0.031392
     0.379635    0.031255
     0.373462    0.031110
     0.367289    0.030955
     0.361116    0.030791
     0.354943    0.030618
     0.348770    0.030436
     0.342597    0.030243
     0.336425    0.030041
     0.330252    0.029829
     0.324079    0.029606
     0.317906    0.029373
     0.311733    0.029130
     0.305560    0.028875
     0.299387    0.028610
     0.293214    0.028333
     0.287041    0.028046
     0.280869    0.027746
     0.274696    0.027436
     0.268523    0.027114
     0.262350    0.026782
     0.256177    0.026440
     0.250004    0.026087
     0.246839    0.025902
     0.243675    0.025715
     0.240510    0.025526
     0.237346    0.025333
     0.234181    0.025139
     0.231017    0.024942
     0.227852    0.024742
     0.224687    0.024540
     0.221523    0.024336
     0.218358    0.024129
     0.215194    0.023920
     0.212029    0.023709
     0.208864    0.023495
     0.205700    0.023279
     0.202535    0.023060
     0.199371    0.022839
     0.196206    0.022616
     0.193041    0.022391
     0.189877    0.022163
     0.186712    0.021933
     0.183548    0.021701
     0.180383    0.021466
     0.177218    0.021229
     0.174054    0.020990
     0.170889    0.020749
     0.167725    0.020505
     0.164560    0.020259
     0.161395    0.020010
     0.158231    0.019760
     0.155066    0.019506
     0.151902    0.019251
     0.148737    0.018993
     0.145572    0.018733
     0.142408    0.018471
     0.139243    0.018206
     0.136079    0.017939
     0.132914    0.017670
     0.129749    0.017398
     0.126585    0.017123
     0.123420    0.016847
     0.120256    0.016568
     0.117091    0.016286
     0.113926    0.016002
     0.110762    0.015715
     0.107597    0.015426
     0.104433    0.015134
     0.101268    0.014840
     0.098103    0.014543
     0.094939    0.014243
     0.091774    0.013941
     0.088610    0.013636
     0.085445    0.013328
     0.082280    0.013017
     0.079116    0.012703
     0.075951    0.012386
     0.072786    0.012065
     0.069622    0.011741
     0.066457    0.011413
     0.063293    0.011081
     0.060128    0.010744
     0.056963    0.010402
     0.053799    0.010054
     0.050634    0.009701
     0.047470    0.009341
     0.044305    0.008975
     0.041140    0.008601
     0.037976    0.008221
     0.034811    0.007833
     0.031646    0.007438
     0.028482    0.007035
     0.025317    0.006624
     0.022153    0.006205
     0.018988    0.005778
     0.015823    0.005342
     0.012659    0.004897
     0.009494    0.004444
     0.006329    0.003981
     0.004186    0.003258
     0.000000    0.000000
     0.004186   -0.002543
     0.006329   -0.002911
     0.009494   -0.002862
     0.012659   -0.002820
     0.015823   -0.002783
     0.018988   -0.002752
     0.022153   -0.002726
     0.025317   -0.002704
     0.028482   -0.002687
     0.031646   -0.002674
     0.034811   -0.002665
     0.037976   -0.002659
     0.041140   -0.002656
     0.044305   -0.002655
     0.047470   -0.002657
     0.050634   -0.002661
     0.053799   -0.002667
     0.056963   -0.002674
     0.060128   -0.002683
     0.063293   -0.002694
     0.066457   -0.002706
     0.069622   -0.002719
     0.072786   -0.002734
     0.075951   -0.002750
     0.079116   -0.002766
     0.082280   -0.002783
     0.085445   -0.002801
     0.088610   -0.002818
     0.091774   -0.002835
     0.094939   -0.002853
     0.098103   -0.002869
     0.101268   -0.002885
     0.104433   -0.002900
     0.107597   -0.002914
     0.110762   -0.002928
     0.113926   -0.002941
     0.117091   -0.002954
     0.120256   -0.002966
     0.123420   -0.002977
     0.126585   -0.002988
     0.129749   -0.002998
     0.132914   -0.003008
     0.136079   -0.003017
     0.139243   -0.003026
     0.142408   -0.003034
     0.145572   -0.003041
     0.148737   -0.003049
     0.151902   -0.003055
     0.155066   -0.003061
     0.158231   -0.003067
     0.161395   -0.003072
     0.164560   -0.003077
     0.167725   -0.003082
     0.170889   -0.003087
     0.174054   -0.003091
     0.177218   -0.003095
     0.180383   -0.003099
     0.183548   -0.003103
     0.186712   -0.003106
     0.189877   -0.003110
     0.193041   -0.003113
     0.196206   -0.003117
     0.199371   -0.003120
     0.202535   -0.003123
     0.205700   -0.003127
     0.208864   -0.003130
     0.212029   -0.003133
     0.215194   -0.003136
     0.218358   -0.003139
     0.221523   -0.003142
     0.224687   -0.003145
     0.227852   -0.003147
     0.231017   -0.003150
     0.234181   -0.003152
     0.237346   -0.003155
     0.240510   -0.003157
     0.243675   -0.003159
     0.246839   -0.003160
     0.250004   -0.003162
     0.256177   -0.003165
     0.262350   -0.003167
     0.268523   -0.003169
     0.274696   -0.003171
     0.280869   -0.003172
     0.287041   -0.003174
     0.293214   -0.003175
     0.299387   -0.003176
     0.305560   -0.003178
     0.311733   -0.003179
     0.317906   -0.003180
     0.324079   -0.003181
     0.330252   -0.003183
     0.336425   -0.003184
     0.342597   -0.003185
     0.348770   -0.003187
     0.354943   -0.003188
     0.361116   -0.003190
     0.367289   -0.003192
     0.373462   -0.003194
     0.379635   -0.003195
     0.385807   -0.003198
     0.391980   -0.003200
     0.398153   -0.003202
     0.404326   -0.003204
     0.410499   -0.003207
     0.416672   -0.003209
     0.422845   -0.003212
     0.429017   -0.003215
     0.435190   -0.003217
     0.441363   -0.003220
     0.447536   -0.003222
     0.453709   -0.003225
     0.459882   -0.003228
     0.466055   -0.003230
     0.472227   -0.003232
     0.478400   -0.003235
     0.484573   -0.003237
     0.490746   -0.003239
     0.496919   -0.003241
     0.503092   -0.003243
     0.509264   -0.003245
     0.515437   -0.003247
     0.521610   -0.003249
     0.527783   -0.003251
     0.533956   -0.003253
     0.540129   -0.003255
     0.546301   -0.003257
     0.552474   -0.003259
     0.558647   -0.003261
     0.564820   -0.003263
     0.570993   -0.003266
     0.577165   -0.003268
     0.583338   -0.003270
     0.589511   -0.003273
     0.595684   -0.003276
     0.601857   -0.003278
     0.608030   -0.003281
     0.614202   -0.003284
     0.620375   -0.003287
     0.626548   -0.003290
     0.632721   -0.003293
     0.638894   -0.003296
     0.645066   -0.003299
     0.651239   -0.003302
     0.657412   -0.003305
     0.663585   -0.003308
     0.669758   -0.003311
     0.675930   -0.003314
     0.682103   -0.003317
     0.688276   -0.003320
     0.694449   -0.003322
     0.700621   -0.003325
     0.706794   -0.003327
     0.712967   -0.003329
     0.719140   -0.003331
     0.725313   -0.003333
     0.731485   -0.003334
     0.737658   -0.003334
     0.743831   -0.003334
     0.750004   -0.003333
     0.753168   -0.003333
     0.756333   -0.003332
     0.759497   -0.003331
     0.762662   -0.003331
     0.765826   -0.003329
     0.768991   -0.003328
     0.772155   -0.003327
     0.775320   -0.003325
     0.778484   -0.003323
     0.781649   -0.003321
     0.784813   -0.003319
     0.787978   -0.003317
     0.791143   -0.003315
     0.794307   -0.003312
     0.797472   -0.003309
     0.800636   -0.003307
     0.803801   -0.003303
     0.806965   -0.003300
     0.810130   -0.003297
     0.813294   -0.003293
     0.816459   -0.003290
     0.819623   -0.003286
     0.822788   -0.003282
     0.825952   -0.003277
     0.829117   -0.003273
     0.832281   -0.003268
     0.835446   -0.003263
     0.838610   -0.003258
     0.841775   -0.003253
     0.844939   -0.003248
     0.848104   -0.003242
     0.851268   -0.003237
     0.854433   -0.003231
     0.857597   -0.003225
     0.860762   -0.003218
     0.863926   -0.003212
     0.867091   -0.003205
     0.870255   -0.003198
     0.873420   -0.003190
     0.876584   -0.003183
     0.879749   -0.003175
     0.882913   -0.003167
     0.886078   -0.003158
     0.889242   -0.003150
     0.892407   -0.003141
     0.895571   -0.003131
     0.898736   -0.003121
     0.901900   -0.003111
     0.905065   -0.003101
     0.908229   -0.003090
     0.911394   -0.003080
     0.914559   -0.003068
     0.917723   -0.003057
     0.920888   -0.003045
     0.924052   -0.003034
     0.927217   -0.003022
     0.930381   -0.003009
     0.933546   -0.002997
     0.936710   -0.002985
     0.939875   -0.002972
     0.943039   -0.002959
     0.946204   -0.002946
     0.949368   -0.002933
     0.952533   -0.002920
     0.955697   -0.002907
     0.958862   -0.002894
     0.962026   -0.002881
     0.965191   -0.002867
     0.968355   -0.002854
     0.971520   -0.002840
     0.974684   -0.002826
     0.977849   -0.002812
     0.981013   -0.002797
     0.984178   -0.002783
     0.987342   -0.002768
     0.990507   -0.002753
     0.993671   -0.002738
     0.996836   -0.002722
     1.000000   -0.002706
