foil_profile_rR0.200.txt
     1.000056    0.003862
     0.996891    0.004274
     0.993725    0.004712
     0.990559    0.005176
     0.987393    0.005663
     0.984227    0.006174
     0.981061    0.006706
     0.977895    0.007259
     0.974729    0.007830
     0.971563    0.008420
     0.968396    0.009025
     0.965230    0.009645
     0.962063    0.010279
     0.958897    0.010926
     0.955730    0.011584
     0.952564    0.012251
     0.949397    0.012927
     0.946231    0.013610
     0.943064    0.014299
     0.939897    0.014992
     0.936730    0.015689
     0.933564    0.016388
     0.930397    0.017087
     0.927230    0.017789
     0.924063    0.018491
     0.920897    0.019194
     0.917730    0.019898
     0.914563    0.020603
     0.911396    0.021310
     0.908229    0.022017
     0.905062    0.022724
     0.901895    0.023433
     0.898729    0.024142
     0.895562    0.024852
     0.892395    0.025563
     0.889228    0.026274
     0.886061    0.026986
     0.882894    0.027699
     0.879727    0.028411
     0.876560    0.029124
     0.873393    0.029838
     0.870226    0.030552
     0.867059    0.031266
     0.863892    0.031979
     0.860725    0.032692
     0.857558    0.033403
     0.854391    0.034112
     0.851224    0.034819
     0.848057    0.035522
     0.844890    0.036221
     0.841723    0.036916
     0.838556    0.037606
     0.835389    0.038290
     0.832223    0.038968
     0.829056    0.039639
     0.825889    0.040302
     0.822722    0.040957
     0.819556    0.041604
     0.816389    0.042241
     0.813222    0.042869
     0.810056    0.043486
     0.806889    0.044092
     0.803723    0.044686
     0.800556    0.045268
     0.797390    0.045840
     0.794224    0.046401
     0.791058    0.046952
     0.787891    0.047494
     0.784725    0.048028
     0.781559    0.048554
     0.778393    0.049072
     0.775227    0.049585
     0.772061    0.050091
     0.768895    0.050593
     0.765729    0.051090
     0.762563    0.051584
     0.759397    0.052074
     0.756231    0.052562
     0.753065    0.053048
     0.749899    0.053533
     0.743723    0.054480
     0.737548    0.055429
     0.731372    0.056384
     0.725196    0.057342
     0.719020    0.058300
     0.712845    0.059256
     0.706669    0.060208
     0.700493    0.061152
     0.694317    0.062086
     0.688142    0.063007
     0.681966    0.063914
     0.675791    0.064802
     0.669615    0.065671
     0.663440    0.066519
     0.657264    0.067349
     0.651089    0.068161
     0.644914    0.068956
     0.638739    0.069735
     0.632564    0.070499
     0.626389    0.071250
     0.620214    0.071988
     0.614039    0.072714
     0.607864    0.073429
     0.601689    0.074134
     0.595514    0.074828
     0.589339    0.075511
     0.583164    0.076182
     0.576990    0.076841
     0.570815    0.077487
     0.564640    0.078119
     0.558466    0.078737
     0.552291    0.079340
     0.546116    0.079929
     0.539942    0.080501
     0.533767    0.081057
     0.527593    0.081596
     0.521419    0.082118
     0.515244    0.082622
     0.509070    0.083108
     0.502896    0.083574
     0.496722    0.084020
     0.490548    0.084447
     0.484374    0.084852
     0.478200    0.085237
     0.472026    0.085600
     0.465852    0.085941
     0.459679    0.086261
     0.453505    0.086560
     0.447331    0.086838
     0.441158    0.087096
     0.434984    0.087333
     0.428811    0.087550
     0.422638    0.087747
     0.416465    0.087924
     0.410292    0.088082
     0.404118    0.088221
     0.397945    0.088340
     0.391772    0.088440
     0.385600    0.088522
     0.379427    0.088586
     0.373254    0.088631
     0.367081    0.088658
     0.360909    0.088667
     0.354736    0.088659
     0.348564    0.088637
     0.342391    0.088594
     0.336219    0.088497
     0.330047    0.088349
     0.323875    0.088152
     0.317703    0.087908
     0.311532    0.087620
     0.305360    0.087288
     0.299189    0.086915
     0.293018    0.086503
     0.286847    0.086054
     0.280676    0.085571
     0.274505    0.085054
     0.268334    0.084503
     0.262163    0.083917
     0.255992    0.083295
     0.249822    0.082636
     0.246658    0.082283
     0.243495    0.081919
     0.240332    0.081545
     0.237168    0.081160
     0.234005    0.080765
     0.230842    0.080358
     0.227679    0.079940
     0.224515    0.079511
     0.221352    0.079070
     0.218189    0.078617
     0.215026    0.078153
     0.211863    0.077676
     0.208700    0.077187
     0.205537    0.076686
     0.202374    0.076172
     0.199211    0.075646
     0.196048    0.075107
     0.192885    0.074555
     0.189723    0.073991
     0.186560    0.073413
     0.183397    0.072822
     0.180234    0.072218
     0.177072    0.071600
     0.173909    0.070970
     0.170747    0.070325
     0.167584    0.069669
     0.164422    0.069001
     0.161259    0.068323
     0.158097    0.067635
     0.154934    0.066938
     0.151772    0.066234
     0.148609    0.065522
     0.145447    0.064804
     0.142284    0.064082
     0.139121    0.063354
     0.135959    0.062623
     0.132796    0.061884
     0.129634    0.061137
     0.126471    0.060377
     0.123309    0.059603
     0.120146    0.058812
     0.116984    0.058001
     0.113821    0.057168
     0.110659    0.056310
     0.107497    0.055425
     0.104334    0.054510
     0.101172    0.053564
     0.098010    0.052592
     0.094848    0.051597
     0.091687    0.050584
     0.088525    0.049557
     0.085363    0.048522
     0.082201    0.047481
     0.079039    0.046440
     0.075876    0.045404
     0.072714    0.044375
     0.069552    0.043360
     0.066389    0.042348
     0.063226    0.041293
     0.060064    0.040142
     0.056903    0.038842
     0.053743    0.037338
     0.050584    0.035584
     0.047426    0.033612
     0.044268    0.031518
     0.041111    0.029400
     0.037953    0.027357
     0.034794    0.025487
     0.031634    0.023855
     0.028472    0.022422
     0.025309    0.021126
     0.022145    0.019902
     0.018981    0.018690
     0.015817    0.017425
     0.012652    0.016046
     0.009488    0.014490
     0.006324    0.012693
     0.004185    0.010390
     0.000000    0.000000
     0.004185   -0.009678
     0.006324   -0.011752
     0.009488   -0.013335
     0.012652   -0.014781
     0.015817   -0.016103
     0.018981   -0.017313
     0.022145   -0.018423
     0.025309   -0.019445
     0.028472   -0.020391
     0.031634   -0.021274
     0.034794   -0.022104
     0.037953   -0.022894
     0.041111   -0.023651
     0.044268   -0.024379
     0.047426   -0.025086
     0.050584   -0.025775
     0.053743   -0.026454
     0.056903   -0.027123
     0.060064   -0.027782
     0.063226   -0.028428
     0.066389   -0.029060
     0.069552   -0.029675
     0.072714   -0.030271
     0.075876   -0.030848
     0.079039   -0.031408
     0.082201   -0.031950
     0.085363   -0.032476
     0.088525   -0.032986
     0.091687   -0.033481
     0.094848   -0.033961
     0.098010   -0.034427
     0.101172   -0.034880
     0.104334   -0.035320
     0.107497   -0.035748
     0.110659   -0.036165
     0.113821   -0.036570
     0.116984   -0.036964
     0.120146   -0.037347
     0.123309   -0.037720
     0.126471   -0.038083
     0.129634   -0.038435
     0.132796   -0.038777
     0.135959   -0.039110
     0.139121   -0.039434
     0.142284   -0.039749
     0.145447   -0.040055
     0.148609   -0.040352
     0.151772   -0.040642
     0.154934   -0.040923
     0.158097   -0.041196
     0.161259   -0.041462
     0.164422   -0.041721
     0.167584   -0.041972
     0.170747   -0.042217
     0.173909   -0.042456
     0.177072   -0.042688
     0.180234   -0.042914
     0.183397   -0.043133
     0.186560   -0.043347
     0.189723   -0.043554
     0.192885   -0.043755
     0.196048   -0.043950
     0.199211   -0.044140
     0.202374   -0.044323
     0.205537   -0.044499
     0.208700   -0.044670
     0.211863   -0.044835
     0.215026   -0.044994
     0.218189   -0.045147
     0.221352   -0.045294
     0.224515   -0.045435
     0.227679   -0.045571
     0.230842   -0.045700
     0.234005   -0.045825
     0.237168   -0.045943
     0.240332   -0.046056
     0.243495   -0.046164
     0.246658   -0.046266
     0.249822   -0.046363
     0.255992   -0.046537
     0.262163   -0.046691
     0.268334   -0.046827
     0.274505   -0.046943
     0.280676   -0.047041
     0.286847   -0.047121
     0.293018   -0.047183
     0.299189   -0.047227
     0.305360   -0.047252
     0.311532   -0.047259
     0.317703   -0.047246
     0.323875   -0.047215
     0.330047   -0.047164
     0.336219   -0.047094
     0.342391   -0.047004
     0.348564   -0.046895
     0.354736   -0.046789
     0.360909   -0.046682
     0.367081   -0.046569
     0.373254   -0.046449
     0.379427   -0.046322
     0.385600   -0.046189
     0.391772   -0.046050
     0.397945   -0.045903
     0.404118   -0.045750
     0.410292   -0.045590
     0.416465   -0.045423
     0.422638   -0.045249
     0.428811   -0.045068
     0.434984   -0.044880
     0.441158   -0.044685
     0.447331   -0.044482
     0.453505   -0.044272
     0.459679   -0.044055
     0.465852   -0.043830
     0.472026   -0.043597
     0.478200   -0.043357
     0.484374   -0.043109
     0.490548   -0.042853
     0.496722   -0.042590
     0.502896   -0.042320
     0.509070   -0.042042
     0.515244   -0.041757
     0.521419   -0.041464
     0.527593   -0.041165
     0.533767   -0.040858
     0.539942   -0.040545
     0.546116   -0.040225
     0.552291   -0.039898
     0.558466   -0.039564
     0.564640   -0.039224
     0.570815   -0.038878
     0.576990   -0.038525
     0.583164   -0.038166
     0.589339   -0.037801
     0.595514   -0.037430
     0.601689   -0.037053
     0.607864   -0.036671
     0.614039   -0.036282
     0.620214   -0.035888
     0.626389   -0.035489
     0.632564   -0.035084
     0.638739   -0.034673
     0.644914   -0.034258
     0.651089   -0.033838
     0.657264   -0.033413
     0.663440   -0.032984
     0.669615   -0.032550
     0.675791   -0.032111
     0.681966   -0.031668
     0.688142   -0.031221
     0.694317   -0.030770
     0.700493   -0.030314
     0.706669   -0.029855
     0.712845   -0.029391
     0.719020   -0.028922
     0.725196   -0.028450
     0.731372   -0.027973
     0.737548   -0.027493
     0.743723   -0.027008
     0.749899   -0.026519
     0.753065   -0.026267
     0.756231   -0.026013
     0.759397   -0.025759
     0.762563   -0.025503
     0.765729   -0.025247
     0.768895   -0.024989
     0.772061   -0.024730
     0.775227   -0.024470
     0.778393   -0.024209
     0.781559   -0.023947
     0.784725   -0.023684
     0.787891   -0.023420
     0.791058   -0.023155
     0.794224   -0.022889
     0.797390   -0.022621
     0.800556   -0.022353
     0.803723   -0.022083
     0.806889   -0.021813
     0.810056   -0.021541
     0.813222   -0.021269
     0.816389   -0.020995
     0.819556   -0.020721
     0.822722   -0.020445
     0.825889   -0.020168
     0.829056   -0.019891
     0.832223   -0.019612
     0.835389   -0.019332
     0.838556   -0.019052
     0.841723   -0.018770
     0.844890   -0.018488
     0.848057   -0.018204
     0.851224   -0.017920
     0.854391   -0.017635
     0.857558   -0.017349
     0.860725   -0.017062
     0.863892   -0.016774
     0.867059   -0.016485
     0.870226   -0.016195
     0.873393   -0.015904
     0.876560   -0.015613
     0.879727   -0.015320
     0.882894   -0.015027
     0.886061   -0.014732
     0.889228   -0.014436
     0.892395   -0.014139
     0.895562   -0.013841
     0.898729   -0.013541
     0.901895   -0.013240
     0.905062   -0.012938
     0.908229   -0.012634
     0.911396   -0.012329
     0.914563   -0.012022
     0.917730   -0.011713
     0.920897   -0.011402
     0.924063   -0.011090
     0.927230   -0.010776
     0.930397   -0.010460
     0.933564   -0.010142
     0.936730   -0.009822
     0.939897   -0.009501
     0.943064   -0.009178
     0.946231   -0.008855
     0.949397   -0.008532
     0.952564   -0.008209
     0.955730   -0.007888
     0.958897   -0.007569
     0.962063   -0.007252
     0.965230   -0.006938
     0.968396   -0.006628
     0.971563   -0.006322
     0.974729   -0.006022
     0.977895   -0.005726
     0.981061   -0.005437
     0.984227   -0.005154
     0.987393   -0.004879
     0.990559   -0.004611
     0.993725   -0.004352
     0.996891   -0.004102
     1.000056   -0.003862
