foil_profile_rR0.500.txt
     1.000017    0.002917
     0.996852    0.003424
     0.993686    0.003931
     0.990520    0.004437
     0.987354    0.004943
     0.984188    0.005448
     0.981022    0.005952
     0.977856    0.006454
     0.974691    0.006956
     0.971525    0.007457
     0.968359    0.007956
     0.965193    0.008454
     0.962027    0.008951
     0.958861    0.009446
     0.955695    0.009939
     0.952530    0.010431
     0.949364    0.010921
     0.946198    0.011408
     0.943032    0.011894
     0.939866    0.012378
     0.936700    0.012859
     0.933535    0.013338
     0.930369    0.013814
     0.927203    0.014289
     0.924037    0.014761
     0.920871    0.015232
     0.917706    0.015700
     0.914540    0.016167
     0.911374    0.016632
     0.908208    0.017096
     0.905042    0.017558
     0.901877    0.018020
     0.898711    0.018480
     0.895545    0.018939
     0.892379    0.019397
     0.889213    0.019854
     0.886048    0.020311
     0.882882    0.020768
     0.879716    0.021224
     0.876550    0.021679
     0.873385    0.022135
     0.870219    0.022591
     0.867053    0.023046
     0.863887    0.023501
     0.860721    0.023956
     0.857556    0.024410
     0.854390    0.024863
     0.851224    0.025315
     0.848058    0.025765
     0.844892    0.026213
     0.841727    0.026659
     0.838561    0.027102
     0.835395    0.027543
     0.832229    0.027981
     0.829063    0.028416
     0.825898    0.028847
     0.822732    0.029274
     0.819566    0.029697
     0.816400    0.030116
     0.813235    0.030530
     0.810069    0.030940
     0.806903    0.031344
     0.803738    0.031743
     0.800572    0.032137
     0.797406    0.032526
     0.794241    0.032910
     0.791075    0.033289
     0.787910    0.033665
     0.784744    0.034036
     0.781578    0.034404
     0.778413    0.034768
     0.775247    0.035129
     0.772082    0.035487
     0.768916    0.035843
     0.765751    0.036196
     0.762585    0.036547
     0.759420    0.036896
     0.756254    0.037243
     0.753088    0.037589
     0.749923    0.037934
     0.743748    0.038604
     0.737573    0.039273
     0.731399    0.039940
     0.725224    0.040603
     0.719049    0.041260
     0.712875    0.041910
     0.706700    0.042550
     0.700525    0.043180
     0.694351    0.043797
     0.688176    0.044400
     0.682002    0.044986
     0.675827    0.045555
     0.669653    0.046104
     0.663478    0.046636
     0.657304    0.047151
     0.651130    0.047650
     0.644955    0.048134
     0.638781    0.048605
     0.632607    0.049064
     0.626433    0.049511
     0.620259    0.049947
     0.614085    0.050375
     0.607911    0.050794
     0.601737    0.051205
     0.595563    0.051608
     0.589389    0.052002
     0.583215    0.052387
     0.577041    0.052762
     0.570867    0.053129
     0.564693    0.053485
     0.558519    0.053831
     0.552345    0.054168
     0.546171    0.054493
     0.539998    0.054808
     0.533824    0.055111
     0.527650    0.055404
     0.521476    0.055684
     0.515303    0.055953
     0.509129    0.056209
     0.502956    0.056453
     0.496782    0.056684
     0.490609    0.056902
     0.484435    0.057107
     0.478262    0.057298
     0.472088    0.057476
     0.465915    0.057641
     0.459742    0.057793
     0.453569    0.057932
     0.447395    0.058059
     0.441222    0.058174
     0.435049    0.058276
     0.428876    0.058367
     0.422703    0.058447
     0.416530    0.058515
     0.410357    0.058572
     0.404184    0.058619
     0.398011    0.058654
     0.391838    0.058680
     0.385665    0.058696
     0.379492    0.058701
     0.373319    0.058697
     0.367147    0.058684
     0.360974    0.058662
     0.354801    0.058630
     0.348628    0.058582
     0.342456    0.058506
     0.336283    0.058403
     0.330111    0.058274
     0.323938    0.058119
     0.317766    0.057937
     0.311594    0.057729
     0.305422    0.057496
     0.299250    0.057237
     0.293078    0.056952
     0.286906    0.056642
     0.280734    0.056308
     0.274562    0.055948
     0.268390    0.055564
     0.262219    0.055157
     0.256047    0.054726
     0.249876    0.054273
     0.246712    0.054032
     0.243548    0.053785
     0.240384    0.053532
     0.237220    0.053274
     0.234057    0.053010
     0.230893    0.052741
     0.227729    0.052466
     0.224565    0.052186
     0.221402    0.051901
     0.218238    0.051610
     0.215074    0.051314
     0.211911    0.051013
     0.208747    0.050707
     0.205583    0.050395
     0.202420    0.050078
     0.199256    0.049755
     0.196092    0.049425
     0.192929    0.049089
     0.189765    0.048746
     0.186602    0.048395
     0.183438    0.048037
     0.180275    0.047672
     0.177111    0.047298
     0.173948    0.046917
     0.170784    0.046526
     0.167621    0.046127
     0.164458    0.045719
     0.161294    0.045301
     0.158131    0.044873
     0.154968    0.044436
     0.151804    0.043988
     0.148641    0.043530
     0.145478    0.043062
     0.142315    0.042582
     0.139151    0.042091
     0.135988    0.041589
     0.132825    0.041075
     0.129662    0.040550
     0.126499    0.040015
     0.123336    0.039468
     0.120173    0.038910
     0.117010    0.038341
     0.113847    0.037761
     0.110684    0.037170
     0.107521    0.036568
     0.104358    0.035956
     0.101196    0.035331
     0.098033    0.034695
     0.094870    0.034045
     0.091707    0.033381
     0.088544    0.032701
     0.085382    0.032005
     0.082219    0.031292
     0.079056    0.030561
     0.075894    0.029810
     0.072731    0.029040
     0.069569    0.028248
     0.066406    0.027434
     0.063244    0.026598
     0.060081    0.025739
     0.056919    0.024857
     0.053757    0.023951
     0.050595    0.023021
     0.047432    0.022068
     0.044270    0.021093
     0.041108    0.020096
     0.037946    0.019080
     0.034784    0.018045
     0.031621    0.016990
     0.028459    0.015913
     0.025297    0.014808
     0.022135    0.013671
     0.018973    0.012498
     0.015811    0.011284
     0.012649    0.010026
     0.009486    0.008719
     0.006324    0.007359
     0.004185    0.005784
     0.000000    0.000000
     0.004185   -0.004680
     0.006324   -0.005689
     0.009486   -0.006214
     0.012649   -0.006685
     0.015811   -0.007107
     0.018973   -0.007484
     0.022135   -0.007821
     0.025297   -0.008121
     0.028459   -0.008390
     0.031621   -0.008632
     0.034784   -0.008852
     0.037946   -0.009052
     0.041108   -0.009237
     0.044270   -0.009407
     0.047432   -0.009563
     0.050595   -0.009708
     0.053757   -0.009841
     0.056919   -0.009966
     0.060081   -0.010081
     0.063244   -0.010188
     0.066406   -0.010286
     0.069569   -0.010376
     0.072731   -0.010458
     0.075894   -0.010533
     0.079056   -0.010602
     0.082219   -0.010663
     0.085382   -0.010718
     0.088544   -0.010768
     0.091707   -0.010812
     0.094870   -0.010851
     0.098033   -0.010885
     0.101196   -0.010915
     0.104358   -0.010941
     0.107521   -0.010963
     0.110684   -0.010983
     0.113847   -0.010999
     0.117010   -0.011013
     0.120173   -0.011024
     0.123336   -0.011033
     0.126499   -0.011040
     0.129662   -0.011045
     0.132825   -0.011048
     0.135988   -0.011050
     0.139151   -0.011051
     0.142315   -0.011051
     0.145478   -0.011050
     0.148641   -0.011049
     0.151804   -0.011047
     0.154968   -0.011044
     0.158131   -0.011040
     0.161294   -0.011035
     0.164458   -0.011030
     0.167621   -0.011023
     0.170784   -0.011016
     0.173948   -0.011007
     0.177111   -0.010998
     0.180275   -0.010987
     0.183438   -0.010976
     0.186602   -0.010964
     0.189765   -0.010950
     0.192929   -0.010936
     0.196092   -0.010922
     0.199256   -0.010906
     0.202420   -0.010891
     0.205583   -0.010874
     0.208747   -0.010858
     0.211911   -0.010841
     0.215074   -0.010823
     0.218238   -0.010806
     0.221402   -0.010788
     0.224565   -0.010770
     0.227729   -0.010752
     0.230893   -0.010734
     0.234057   -0.010716
     0.237220   -0.010697
     0.240384   -0.010679
     0.243548   -0.010660
     0.246712   -0.010641
     0.249876   -0.010622
     0.256047   -0.010585
     0.262219   -0.010548
     0.268390   -0.010510
     0.274562   -0.010473
     0.280734   -0.010436
     0.286906   -0.010399
     0.293078   -0.010362
     0.299250   -0.010325
     0.305422   -0.010289
     0.311594   -0.010252
     0.317766   -0.010216
     0.323938   -0.010180
     0.330111   -0.010144
     0.336283   -0.010108
     0.342456   -0.010071
     0.348628   -0.010035
     0.354801   -0.009998
     0.360974   -0.009962
     0.367147   -0.009925
     0.373319   -0.009889
     0.379492   -0.009852
     0.385665   -0.009815
     0.391838   -0.009778
     0.398011   -0.009742
     0.404184   -0.009705
     0.410357   -0.009668
     0.416530   -0.009632
     0.422703   -0.009595
     0.428876   -0.009558
     0.435049   -0.009522
     0.441222   -0.009486
     0.447395   -0.009449
     0.453569   -0.009413
     0.459742   -0.009377
     0.465915   -0.009341
     0.472088   -0.009305
     0.478262   -0.009270
     0.484435   -0.009234
     0.490609   -0.009199
     0.496782   -0.009164
     0.502956   -0.009129
     0.509129   -0.009094
     0.515303   -0.009059
     0.521476   -0.009024
     0.527650   -0.008988
     0.533824   -0.008953
     0.539998   -0.008918
     0.546171   -0.008882
     0.552345   -0.008847
     0.558519   -0.008811
     0.564693   -0.008774
     0.570867   -0.008738
     0.577041   -0.008701
     0.583215   -0.008663
     0.589389   -0.008626
     0.595563   -0.008587
     0.601737   -0.008548
     0.607911   -0.008509
     0.614085   -0.008469
     0.620259   -0.008428
     0.626433   -0.008387
     0.632607   -0.008345
     0.638781   -0.008302
     0.644955   -0.008259
     0.651130   -0.008215
     0.657304   -0.008171
     0.663478   -0.008125
     0.669653   -0.008079
     0.675827   -0.008033
     0.682002   -0.007986
     0.688176   -0.007938
     0.694351   -0.007889
     0.700525   -0.007839
     0.706700   -0.007788
     0.712875   -0.007735
     0.719049   -0.007681
     0.725224   -0.007626
     0.731399   -0.007568
     0.737573   -0.007508
     0.743748   -0.007446
     0.749923   -0.007382
     0.753088   -0.007348
     0.756254   -0.007314
     0.759420   -0.007279
     0.762585   -0.007244
     0.765751   -0.007208
     0.768916   -0.007172
     0.772082   -0.007135
     0.775247   -0.007098
     0.778413   -0.007060
     0.781578   -0.007022
     0.784744   -0.006983
     0.787910   -0.006944
     0.791075   -0.006904
     0.794241   -0.006865
     0.797406   -0.006824
     0.800572   -0.006784
     0.803738   -0.006743
     0.806903   -0.006702
     0.810069   -0.006660
     0.813235   -0.006618
     0.816400   -0.006576
     0.819566   -0.006533
     0.822732   -0.006490
     0.825898   -0.006447
     0.829063   -0.006403
     0.832229   -0.006358
     0.835395   -0.006313
     0.838561   -0.006267
     0.841727   -0.006221
     0.844892   -0.006174
     0.848058   -0.006127
     0.851224   -0.006079
     0.854390   -0.006030
     0.857556   -0.005980
     0.860721   -0.005930
     0.863887   -0.005879
     0.867053   -0.005827
     0.870219   -0.005775
     0.873385   -0.005721
     0.876550   -0.005667
     0.879716   -0.005612
     0.882882   -0.005556
     0.886048   -0.005499
     0.889213   -0.005441
     0.892379   -0.005383
     0.895545   -0.005323
     0.898711   -0.005263
     0.901877   -0.005202
     0.905042   -0.005140
     0.908208   -0.005077
     0.911374   -0.005014
     0.914540   -0.004949
     0.917706   -0.004884
     0.920871   -0.004818
     0.924037   -0.004751
     0.927203   -0.004684
     0.930369   -0.004615
     0.933535   -0.004546
     0.936700   -0.004476
     0.939866   -0.004405
     0.943032   -0.004333
     0.946198   -0.004261
     0.949364   -0.004188
     0.952530   -0.004114
     0.955695   -0.004039
     0.958861   -0.003963
     0.962027   -0.003887
     0.965193   -0.003810
     0.968359   -0.003732
     0.971525   -0.003654
     0.974691   -0.003575
     0.977856   -0.003495
     0.981022   -0.003414
     0.984188   -0.003333
     0.987354   -0.003251
     0.990520   -0.003169
     0.993686   -0.003085
     0.996852   -0.003001
     1.000017   -0.002917
