foil_profile_rR0.400.txt
     1.000023    0.003174
     0.996858    0.003616
     0.993693    0.004063
     0.990527    0.004516
     0.987362    0.004975
     0.984196    0.005439
     0.981031    0.005908
     0.977865    0.006382
     0.974700    0.006859
     0.971534    0.007340
     0.968369    0.007825
     0.965203    0.008312
     0.962038    0.008802
     0.958872    0.009295
     0.955706    0.009789
     0.952541    0.010285
     0.949375    0.010782
     0.946209    0.011280
     0.943044    0.011778
     0.939878    0.012277
     0.936712    0.012775
     0.933547    0.013272
     0.930381    0.013769
     0.927215    0.014265
     0.924049    0.014760
     0.920884    0.015255
     0.917718    0.015749
     0.914552    0.016243
     0.911386    0.016736
     0.908221    0.017229
     0.905055    0.017721
     0.901889    0.018213
     0.898723    0.018705
     0.895557    0.019197
     0.892392    0.019689
     0.889226    0.020180
     0.886060    0.020672
     0.882894    0.021163
     0.879728    0.021655
     0.876562    0.022147
     0.873397    0.022639
     0.870231    0.023131
     0.867065    0.023624
     0.863899    0.024116
     0.860733    0.024609
     0.857567    0.025101
     0.854401    0.025592
     0.851235    0.026082
     0.848069    0.026571
     0.844904    0.027058
     0.841738    0.027544
     0.838572    0.028027
     0.835406    0.028508
     0.832240    0.028986
     0.829074    0.029461
     0.825908    0.029933
     0.822742    0.030402
     0.819576    0.030866
     0.816411    0.031327
     0.813245    0.031783
     0.810079    0.032235
     0.806913    0.032682
     0.803747    0.033124
     0.800582    0.033560
     0.797416    0.033992
     0.794250    0.034419
     0.791084    0.034843
     0.787919    0.035262
     0.784753    0.035678
     0.781587    0.036091
     0.778421    0.036501
     0.775256    0.036908
     0.772090    0.037313
     0.768924    0.037717
     0.765759    0.038119
     0.762593    0.038520
     0.759427    0.038920
     0.756262    0.039319
     0.753096    0.039719
     0.749930    0.040118
     0.743755    0.040900
     0.737580    0.041685
     0.731405    0.042474
     0.725229    0.043265
     0.719054    0.044054
     0.712879    0.044837
     0.706704    0.045613
     0.700528    0.046377
     0.694353    0.047126
     0.688178    0.047857
     0.682003    0.048568
     0.675828    0.049255
     0.669653    0.049915
     0.663478    0.050550
     0.657304    0.051161
     0.651129    0.051751
     0.644954    0.052323
     0.638780    0.052877
     0.632605    0.053417
     0.626431    0.053944
     0.620256    0.054461
     0.614082    0.054970
     0.607908    0.055472
     0.601733    0.055969
     0.595559    0.056461
     0.589384    0.056945
     0.583210    0.057423
     0.577036    0.057892
     0.570861    0.058353
     0.564687    0.058804
     0.558513    0.059246
     0.552338    0.059677
     0.546164    0.060096
     0.539990    0.060503
     0.533816    0.060898
     0.527642    0.061279
     0.521468    0.061645
     0.515294    0.061997
     0.509120    0.062334
     0.502946    0.062654
     0.496772    0.062957
     0.490598    0.063242
     0.484424    0.063510
     0.478251    0.063758
     0.472077    0.063987
     0.465904    0.064197
     0.459730    0.064390
     0.453557    0.064565
     0.447383    0.064724
     0.441210    0.064867
     0.435037    0.064995
     0.428863    0.065108
     0.422690    0.065207
     0.416517    0.065293
     0.410344    0.065366
     0.404171    0.065427
     0.397998    0.065477
     0.391825    0.065517
     0.385652    0.065546
     0.379479    0.065566
     0.373306    0.065577
     0.367133    0.065580
     0.360961    0.065576
     0.354788    0.065566
     0.348615    0.065555
     0.342442    0.065537
     0.336269    0.065495
     0.330097    0.065421
     0.323924    0.065310
     0.317752    0.065157
     0.311580    0.064957
     0.305408    0.064704
     0.299236    0.064392
     0.293065    0.064016
     0.286893    0.063570
     0.280722    0.063050
     0.274551    0.062454
     0.268381    0.061799
     0.262210    0.061108
     0.256040    0.060404
     0.249869    0.059709
     0.246706    0.059363
     0.243542    0.059028
     0.240379    0.058708
     0.237215    0.058405
     0.234052    0.058122
     0.230888    0.057863
     0.227724    0.057630
     0.224560    0.057426
     0.221396    0.057255
     0.218232    0.057119
     0.215068    0.057022
     0.211903    0.056966
     0.208739    0.056954
     0.205574    0.056982
     0.202409    0.057038
     0.199244    0.057113
     0.196079    0.057195
     0.192914    0.057272
     0.189749    0.057335
     0.186585    0.057373
     0.183420    0.057374
     0.180255    0.057327
     0.177091    0.057222
     0.173927    0.057048
     0.170763    0.056805
     0.167599    0.056504
     0.164436    0.056157
     0.161272    0.055777
     0.158109    0.055376
     0.154945    0.054965
     0.151782    0.054556
     0.148619    0.054162
     0.145455    0.053794
     0.142291    0.053466
     0.139127    0.053187
     0.135963    0.052958
     0.132799    0.052755
     0.129635    0.052558
     0.126471    0.052343
     0.123307    0.052087
     0.120143    0.051769
     0.116979    0.051365
     0.113816    0.050853
     0.110653    0.050210
     0.107491    0.049414
     0.104329    0.048442
     0.101168    0.047290
     0.098007    0.045987
     0.094847    0.044566
     0.091687    0.043058
     0.088527    0.041497
     0.085368    0.039914
     0.082208    0.038342
     0.079048    0.036813
     0.075887    0.035360
     0.072727    0.034016
     0.069565    0.032812
     0.066404    0.031759
     0.063241    0.030815
     0.060079    0.029932
     0.056916    0.029062
     0.053754    0.028156
     0.050592    0.027169
     0.047430    0.026093
     0.044268    0.024950
     0.041106    0.023762
     0.037945    0.022549
     0.034783    0.021333
     0.031621    0.020127
     0.028459    0.018920
     0.025297    0.017696
     0.022135    0.016439
     0.018973    0.015133
     0.015811    0.013762
     0.012649    0.012310
     0.009486    0.010761
     0.006324    0.009100
     0.004185    0.007006
     0.000000    0.000000
     0.004185   -0.006030
     0.006324   -0.007635
     0.009486   -0.008582
     0.012649   -0.009422
     0.015811   -0.010164
     0.018973   -0.010820
     0.022135   -0.011400
     0.025297   -0.011915
     0.028459   -0.012376
     0.031621   -0.012794
     0.034783   -0.013179
     0.037945   -0.013540
     0.041106   -0.013882
     0.044268   -0.014205
     0.047430   -0.014511
     0.050592   -0.014800
     0.053754   -0.015076
     0.056916   -0.015337
     0.060079   -0.015586
     0.063241   -0.015824
     0.066404   -0.016050
     0.069565   -0.016267
     0.072727   -0.016475
     0.075887   -0.016674
     0.079048   -0.016864
     0.082208   -0.017046
     0.085368   -0.017220
     0.088527   -0.017386
     0.091687   -0.017544
     0.094847   -0.017694
     0.098007   -0.017837
     0.101168   -0.017973
     0.104329   -0.018101
     0.107491   -0.018223
     0.110653   -0.018338
     0.113816   -0.018446
     0.116979   -0.018548
     0.120143   -0.018645
     0.123307   -0.018735
     0.126471   -0.018821
     0.129635   -0.018901
     0.132799   -0.018976
     0.135963   -0.019047
     0.139127   -0.019114
     0.142291   -0.019176
     0.145455   -0.019235
     0.148619   -0.019290
     0.151782   -0.019342
     0.154945   -0.019390
     0.158109   -0.019435
     0.161272   -0.019477
     0.164436   -0.019515
     0.167599   -0.019551
     0.170763   -0.019585
     0.173927   -0.019616
     0.177091   -0.019644
     0.180255   -0.019670
     0.183420   -0.019694
     0.186585   -0.019716
     0.189749   -0.019735
     0.192914   -0.019752
     0.196079   -0.019768
     0.199244   -0.019781
     0.202409   -0.019792
     0.205574   -0.019800
     0.208739   -0.019807
     0.211903   -0.019812
     0.215068   -0.019815
     0.218232   -0.019817
     0.221396   -0.019816
     0.224560   -0.019814
     0.227724   -0.019810
     0.230888   -0.019805
     0.234052   -0.019798
     0.237215   -0.019789
     0.240379   -0.019780
     0.243542   -0.019769
     0.246706   -0.019757
     0.249869   -0.019744
     0.256040   -0.019716
     0.262210   -0.019684
     0.268381   -0.019649
     0.274551   -0.019613
     0.280722   -0.019574
     0.286893   -0.019535
     0.293065   -0.019494
     0.299236   -0.019453
     0.305408   -0.019411
     0.311580   -0.019368
     0.317752   -0.019325
     0.323924   -0.019282
     0.330097   -0.019239
     0.336269   -0.019196
     0.342442   -0.019153
     0.348615   -0.019110
     0.354788   -0.019068
     0.360961   -0.019026
     0.367133   -0.018984
     0.373306   -0.018943
     0.379479   -0.018901
     0.385652   -0.018859
     0.391825   -0.018818
     0.397998   -0.018776
     0.404171   -0.018735
     0.410344   -0.018693
     0.416517   -0.018651
     0.422690   -0.018610
     0.428863   -0.018568
     0.435037   -0.018526
     0.441210   -0.018483
     0.447383   -0.018441
     0.453557   -0.018398
     0.459730   -0.018356
     0.465904   -0.018313
     0.472077   -0.018269
     0.478251   -0.018225
     0.484424   -0.018181
     0.490598   -0.018137
     0.496772   -0.018092
     0.502946   -0.018046
     0.509120   -0.017999
     0.515294   -0.017952
     0.521468   -0.017903
     0.527642   -0.017853
     0.533816   -0.017801
     0.539990   -0.017748
     0.546164   -0.017693
     0.552338   -0.017636
     0.558513   -0.017576
     0.564687   -0.017515
     0.570861   -0.017452
     0.577036   -0.017385
     0.583210   -0.017317
     0.589384   -0.017245
     0.595559   -0.017170
     0.601733   -0.017093
     0.607908   -0.017012
     0.614082   -0.016927
     0.620256   -0.016840
     0.626431   -0.016749
     0.632605   -0.016656
     0.638780   -0.016561
     0.644954   -0.016464
     0.651129   -0.016365
     0.657304   -0.016266
     0.663478   -0.016165
     0.669653   -0.016064
     0.675828   -0.015963
     0.682003   -0.015862
     0.688178   -0.015760
     0.694353   -0.015657
     0.700528   -0.015551
     0.706704   -0.015442
     0.712879   -0.015330
     0.719054   -0.015212
     0.725229   -0.015089
     0.731405   -0.014959
     0.737580   -0.014823
     0.743755   -0.014678
     0.749930   -0.014525
     0.753096   -0.014443
     0.756262   -0.014360
     0.759427   -0.014275
     0.762593   -0.014188
     0.765759   -0.014100
     0.768924   -0.014010
     0.772090   -0.013919
     0.775256   -0.013826
     0.778421   -0.013732
     0.781587   -0.013637
     0.784753   -0.013541
     0.787919   -0.013444
     0.791084   -0.013346
     0.794250   -0.013247
     0.797416   -0.013148
     0.800582   -0.013047
     0.803747   -0.012947
     0.806913   -0.012845
     0.810079   -0.012744
     0.813245   -0.012641
     0.816411   -0.012539
     0.819576   -0.012435
     0.822742   -0.012331
     0.825908   -0.012225
     0.829074   -0.012119
     0.832240   -0.012012
     0.835406   -0.011903
     0.838572   -0.011794
     0.841738   -0.011683
     0.844904   -0.011571
     0.848069   -0.011457
     0.851235   -0.011342
     0.854401   -0.011225
     0.857567   -0.011106
     0.860733   -0.010986
     0.863899   -0.010863
     0.867065   -0.010739
     0.870231   -0.010613
     0.873397   -0.010485
     0.876562   -0.010354
     0.879728   -0.010221
     0.882894   -0.010086
     0.886060   -0.009949
     0.889226   -0.009809
     0.892392   -0.009667
     0.895557   -0.009523
     0.898723   -0.009376
     0.901889   -0.009226
     0.905055   -0.009074
     0.908221   -0.008919
     0.911386   -0.008762
     0.914552   -0.008602
     0.917718   -0.008439
     0.920884   -0.008274
     0.924049   -0.008105
     0.927215   -0.007934
     0.930381   -0.007759
     0.933547   -0.007582
     0.936712   -0.007402
     0.939878   -0.007218
     0.943044   -0.007032
     0.946209   -0.006842
     0.949375   -0.006650
     0.952541   -0.006455
     0.955706   -0.006256
     0.958872   -0.006055
     0.962038   -0.005850
     0.965203   -0.005643
     0.968369   -0.005433
     0.971534   -0.005220
     0.974700   -0.005004
     0.977865   -0.004785
     0.981031   -0.004564
     0.984196   -0.004339
     0.987362   -0.004112
     0.990527   -0.003882
     0.993693   -0.003649
     0.996858   -0.003413
     1.000023   -0.003174
