foil_profile_rR0.700.txt
     1.000000    0.002687
     0.996835    0.003131
     0.993671    0.003574
     0.990506    0.004013
     0.987341    0.004450
     0.984177    0.004885
     0.981012    0.005317
     0.977847    0.005747
     0.974683    0.006174
     0.971518    0.006598
     0.968353    0.007020
     0.965189    0.007440
     0.962024    0.007857
     0.958859    0.008271
     0.955695    0.008683
     0.952530    0.009092
     0.949365    0.009499
     0.946201    0.009903
     0.943036    0.010304
     0.939871    0.010704
     0.936707    0.011100
     0.933542    0.011494
     0.930378    0.011885
     0.927213    0.012274
     0.924048    0.012661
     0.920884    0.013044
     0.917719    0.013426
     0.914554    0.013804
     0.911390    0.014180
     0.908225    0.014554
     0.905060    0.014925
     0.901896    0.015293
     0.898731    0.015659
     0.895566    0.016023
     0.892402    0.016384
     0.889237    0.016742
     0.886072    0.017098
     0.882908    0.017451
     0.879743    0.017802
     0.876578    0.018150
     0.873414    0.018496
     0.870249    0.018839
     0.867084    0.019179
     0.863920    0.019517
     0.860755    0.019853
     0.857591    0.020186
     0.854426    0.020516
     0.851261    0.020844
     0.848097    0.021169
     0.844932    0.021492
     0.841767    0.021812
     0.838603    0.022130
     0.835438    0.022445
     0.832273    0.022757
     0.829109    0.023067
     0.825944    0.023375
     0.822780    0.023680
     0.819615    0.023982
     0.816450    0.024282
     0.813286    0.024579
     0.810121    0.024874
     0.806956    0.025166
     0.803792    0.025456
     0.800627    0.025743
     0.797462    0.026027
     0.794298    0.026310
     0.791133    0.026589
     0.787969    0.026866
     0.784804    0.027140
     0.781639    0.027412
     0.778475    0.027681
     0.775310    0.027948
     0.772145    0.028212
     0.768981    0.028474
     0.765816    0.028733
     0.762652    0.028990
     0.759487    0.029244
     0.756322    0.029495
     0.753158    0.029744
     0.749993    0.029991
     0.743820    0.030464
     0.737647    0.030928
     0.731474    0.031382
     0.725301    0.031826
     0.719128    0.032261
     0.712955    0.032686
     0.706782    0.033101
     0.700609    0.033506
     0.694437    0.033902
     0.688264    0.034288
     0.682091    0.034665
     0.675918    0.035032
     0.669745    0.035389
     0.663572    0.035737
     0.657399    0.036075
     0.651226    0.036404
     0.645053    0.036723
     0.638880    0.037032
     0.632707    0.037331
     0.626534    0.037621
     0.620361    0.037901
     0.614189    0.038172
     0.608016    0.038433
     0.601843    0.038683
     0.595670    0.038925
     0.589497    0.039156
     0.583324    0.039377
     0.577151    0.039589
     0.570978    0.039791
     0.564805    0.039983
     0.558632    0.040165
     0.552460    0.040337
     0.546287    0.040499
     0.540114    0.040651
     0.533941    0.040794
     0.527768    0.040927
     0.521595    0.041050
     0.515422    0.041164
     0.509249    0.041268
     0.503077    0.041362
     0.496904    0.041448
     0.490731    0.041524
     0.484558    0.041590
     0.478385    0.041648
     0.472212    0.041696
     0.466039    0.041735
     0.459867    0.041766
     0.453694    0.041787
     0.447521    0.041800
     0.441348    0.041803
     0.435175    0.041796
     0.429002    0.041775
     0.422830    0.041741
     0.416657    0.041694
     0.410484    0.041633
     0.404311    0.041560
     0.398138    0.041474
     0.391965    0.041376
     0.385793    0.041265
     0.379620    0.041141
     0.373447    0.041005
     0.367274    0.040857
     0.361101    0.040697
     0.354929    0.040525
     0.348756    0.040341
     0.342583    0.040145
     0.336410    0.039937
     0.330238    0.039715
     0.324065    0.039481
     0.317892    0.039233
     0.311719    0.038972
     0.305546    0.038697
     0.299374    0.038407
     0.293201    0.038103
     0.287028    0.037784
     0.280855    0.037450
     0.274683    0.037101
     0.268510    0.036736
     0.262337    0.036354
     0.256164    0.035957
     0.249992    0.035544
     0.246827    0.035326
     0.243663    0.035104
     0.240498    0.034878
     0.237334    0.034648
     0.234169    0.034414
     0.231005    0.034176
     0.227840    0.033935
     0.224676    0.033689
     0.221511    0.033440
     0.218347    0.033186
     0.215182    0.032929
     0.212018    0.032669
     0.208853    0.032404
     0.205689    0.032136
     0.202524    0.031863
     0.199360    0.031587
     0.196195    0.031307
     0.193031    0.031023
     0.189866    0.030734
     0.186702    0.030442
     0.183537    0.030146
     0.180373    0.029846
     0.177208    0.029542
     0.174044    0.029233
     0.170879    0.028921
     0.167715    0.028604
     0.164551    0.028283
     0.161386    0.027958
     0.158222    0.027628
     0.155057    0.027293
     0.151893    0.026954
     0.148728    0.026610
     0.145564    0.026262
     0.142399    0.025908
     0.139235    0.025550
     0.136070    0.025186
     0.132906    0.024818
     0.129741    0.024444
     0.126577    0.024065
     0.123412    0.023681
     0.120248    0.023292
     0.117084    0.022898
     0.113919    0.022499
     0.110755    0.022095
     0.107590    0.021686
     0.104426    0.021273
     0.101261    0.020854
     0.098097    0.020431
     0.094932    0.020004
     0.091768    0.019572
     0.088603    0.019135
     0.085439    0.018693
     0.082275    0.018246
     0.079110    0.017793
     0.075946    0.017333
     0.072781    0.016864
     0.069617    0.016387
     0.066452    0.015900
     0.063288    0.015402
     0.060124    0.014893
     0.056959    0.014374
     0.053795    0.013845
     0.050630    0.013304
     0.047466    0.012754
     0.044301    0.012193
     0.041137    0.011622
     0.037973    0.011040
     0.034808    0.010448
     0.031644    0.009845
     0.028479    0.009232
     0.025315    0.008607
     0.022151    0.007972
     0.018986    0.007325
     0.015822    0.006667
     0.012658    0.005997
     0.009493    0.005316
     0.006329    0.004623
     0.004186    0.003865
     0.000000    0.000000
     0.004186   -0.002917
     0.006329   -0.003198
     0.009493   -0.003196
     0.012658   -0.003195
     0.015822   -0.003193
     0.018986   -0.003192
     0.022151   -0.003190
     0.025315   -0.003188
     0.028479   -0.003187
     0.031644   -0.003185
     0.034808   -0.003184
     0.037973   -0.003182
     0.041137   -0.003180
     0.044301   -0.003179
     0.047466   -0.003177
     0.050630   -0.003176
     0.053795   -0.003174
     0.056959   -0.003172
     0.060124   -0.003171
     0.063288   -0.003169
     0.066452   -0.003167
     0.069617   -0.003166
     0.072781   -0.003164
     0.075946   -0.003162
     0.079110   -0.003161
     0.082275   -0.003159
     0.085439   -0.003157
     0.088603   -0.003156
     0.091768   -0.003154
     0.094932   -0.003153
     0.098097   -0.003151
     0.101261   -0.003149
     0.104426   -0.003148
     0.107590   -0.003146
     0.110755   -0.003144
     0.113919   -0.003143
     0.117084   -0.003141
     0.120248   -0.003139
     0.123412   -0.003138
     0.126577   -0.003136
     0.129741   -0.003135
     0.132906   -0.003133
     0.136070   -0.003131
     0.139235   -0.003130
     0.142399   -0.003128
     0.145564   -0.003126
     0.148728   -0.003125
     0.151893   -0.003123
     0.155057   -0.003121
     0.158222   -0.003120
     0.161386   -0.003118
     0.164551   -0.003116
     0.167715   -0.003115
     0.170879   -0.003113
     0.174044   -0.003112
     0.177208   -0.003110
     0.180373   -0.003108
     0.183537   -0.003107
     0.186702   -0.003105
     0.189866   -0.003104
     0.193031   -0.003102
     0.196195   -0.003100
     0.199360   -0.003099
     0.202524   -0.003097
     0.205689   -0.003096
     0.208853   -0.003094
     0.212018   -0.003092
     0.215182   -0.003091
     0.218347   -0.003089
     0.221511   -0.003088
     0.224676   -0.003086
     0.227840   -0.003084
     0.231005   -0.003083
     0.234169   -0.003081
     0.237334   -0.003079
     0.240498   -0.003078
     0.243663   -0.003076
     0.246827   -0.003074
     0.249992   -0.003073
     0.256164   -0.003070
     0.262337   -0.003066
     0.268510   -0.003063
     0.274683   -0.003060
     0.280855   -0.003057
     0.287028   -0.003054
     0.293201   -0.003050
     0.299374   -0.003047
     0.305546   -0.003044
     0.311719   -0.003041
     0.317892   -0.003038
     0.324065   -0.003035
     0.330238   -0.003031
     0.336410   -0.003028
     0.342583   -0.003025
     0.348756   -0.003022
     0.354929   -0.003019
     0.361101   -0.003015
     0.367274   -0.003012
     0.373447   -0.003009
     0.379620   -0.003006
     0.385793   -0.003003
     0.391965   -0.003000
     0.398138   -0.002996
     0.404311   -0.002993
     0.410484   -0.002990
     0.416657   -0.002987
     0.422830   -0.002984
     0.429002   -0.002980
     0.435175   -0.002977
     0.441348   -0.002974
     0.447521   -0.002971
     0.453694   -0.002968
     0.459867   -0.002965
     0.466039   -0.002961
     0.472212   -0.002958
     0.478385   -0.002955
     0.484558   -0.002952
     0.490731   -0.002949
     0.496904   -0.002946
     0.503077   -0.002942
     0.509249   -0.002939
     0.515422   -0.002936
     0.521595   -0.002933
     0.527768   -0.002930
     0.533941   -0.002927
     0.540114   -0.002923
     0.546287   -0.002920
     0.552460   -0.002917
     0.558632   -0.002914
     0.564805   -0.002911
     0.570978   -0.002907
     0.577151   -0.002904
     0.583324   -0.002901
     0.589497   -0.002898
     0.595670   -0.002895
     0.601843   -0.002892
     0.608016   -0.002888
     0.614189   -0.002885
     0.620361   -0.002882
     0.626534   -0.002879
     0.632707   -0.002876
     0.638880   -0.002872
     0.645053   -0.002869
     0.651226   -0.002866
     0.657399   -0.002863
     0.663572   -0.002860
     0.669745   -0.002857
     0.675918   -0.002853
     0.682091   -0.002850
     0.688264   -0.002847
     0.694437   -0.002844
     0.700609   -0.002841
     0.706782   -0.002838
     0.712955   -0.002834
     0.719128   -0.002831
     0.725301   -0.002828
     0.731474   -0.002825
     0.737647   -0.002822
     0.743820   -0.002818
     0.749993   -0.002815
     0.753158   -0.002814
     0.756322   -0.002812
     0.759487   -0.002810
     0.762652   -0.002809
     0.765816   -0.002807
     0.768981   -0.002805
     0.772145   -0.002804
     0.775310   -0.002802
     0.778475   -0.002801
     0.781639   -0.002799
     0.784804   -0.002797
     0.787969   -0.002796
     0.791133   -0.002794
     0.794298   -0.002792
     0.797462   -0.002791
     0.800627   -0.002789
     0.803792   -0.002787
     0.806956   -0.002786
     0.810121   -0.002784
     0.813286   -0.002783
     0.816450   -0.002781
     0.819615   -0.002779
     0.822780   -0.002778
     0.825944   -0.002776
     0.829109   -0.002774
     0.832273   -0.002773
     0.835438   -0.002771
     0.838603   -0.002770
     0.841767   -0.002768
     0.844932   -0.002766
     0.848097   -0.002765
     0.851261   -0.002763
     0.854426   -0.002761
     0.857591   -0.002760
     0.860755   -0.002758
     0.863920   -0.002757
     0.867084   -0.002755
     0.870249   -0.002753
     0.873414   -0.002752
     0.876578   -0.002750
     0.879743   -0.002749
     0.882908   -0.002747
     0.886072   -0.002745
     0.889237   -0.002744
     0.892402   -0.002742
     0.895566   -0.002740
     0.898731   -0.002739
     0.901896   -0.002737
     0.905060   -0.002735
     0.908225   -0.002734
     0.911390   -0.002732
     0.914554   -0.002730
     0.917719   -0.002729
     0.920884   -0.002727
     0.924048   -0.002726
     0.927213   -0.002724
     0.930378   -0.002722
     0.933542   -0.002721
     0.936707   -0.002719
     0.939871   -0.002717
     0.943036   -0.002716
     0.946201   -0.002714
     0.949365   -0.002713
     0.952530   -0.002711
     0.955695   -0.002709
     0.958859   -0.002708
     0.962024   -0.002706
     0.965189   -0.002705
     0.968353   -0.002703
     0.971518   -0.002701
     0.974683   -0.002700
     0.977847   -0.002698
     0.981012   -0.002696
     0.984177   -0.002695
     0.987341   -0.002693
     0.990506   -0.002692
     0.993671   -0.002690
     0.996835   -0.002688
     1.000000   -0.002687
