foil_profile_rR0.300.txt
     1.000027    0.003602
     0.996862    0.004028
     0.993696    0.004471
     0.990531    0.004929
     0.987366    0.005401
     0.984200    0.005887
     0.981035    0.006386
     0.977869    0.006896
     0.974704    0.007417
     0.971538    0.007949
     0.968373    0.008489
     0.965207    0.009038
     0.962041    0.009594
     0.958876    0.010157
     0.955710    0.010725
     0.952544    0.011298
     0.949378    0.011875
     0.946213    0.012455
     0.943047    0.013037
     0.939881    0.013621
     0.936715    0.014205
     0.933549    0.014788
     0.930383    0.015371
     0.927218    0.015952
     0.924052    0.016532
     0.920886    0.017112
     0.917720    0.017690
     0.914554    0.018266
     0.911388    0.018842
     0.908222    0.019416
     0.905057    0.019988
     0.901891    0.020559
     0.898725    0.021129
     0.895559    0.021696
     0.892393    0.022263
     0.889227    0.022827
     0.886062    0.023390
     0.882896    0.023951
     0.879730    0.024509
     0.876564    0.025066
     0.873398    0.025621
     0.870232    0.026174
     0.867067    0.026725
     0.863901    0.027273
     0.860735    0.027819
     0.857569    0.028363
     0.854403    0.028904
     0.851238    0.029442
     0.848072    0.029978
     0.844906    0.030511
     0.841740    0.031041
     0.838574    0.031568
     0.835409    0.032091
     0.832243    0.032612
     0.829077    0.033129
     0.825911    0.033643
     0.822745    0.034153
     0.819580    0.034659
     0.816414    0.035162
     0.813248    0.035661
     0.810082    0.036156
     0.806917    0.036646
     0.803751    0.037133
     0.800585    0.037616
     0.797420    0.038094
     0.794254    0.038569
     0.791088    0.039040
     0.787923    0.039507
     0.784757    0.039971
     0.781591    0.040431
     0.778426    0.040888
     0.775260    0.041343
     0.772094    0.041794
     0.768929    0.042243
     0.765763    0.042688
     0.762597    0.043132
     0.759432    0.043573
     0.756266    0.044012
     0.753101    0.044449
     0.749935    0.044884
     0.743760    0.045727
     0.737585    0.046565
     0.731410    0.047397
     0.725235    0.048223
     0.719060    0.049041
     0.712885    0.049851
     0.706710    0.050651
     0.700535    0.051441
     0.694361    0.052220
     0.688186    0.052987
     0.682011    0.053740
     0.675836    0.054479
     0.669661    0.055203
     0.663487    0.055912
     0.657312    0.056608
     0.651137    0.057290
     0.644962    0.057960
     0.638788    0.058619
     0.632613    0.059268
     0.626439    0.059906
     0.620264    0.060536
     0.614089    0.061158
     0.607915    0.061773
     0.601740    0.062380
     0.595566    0.062981
     0.589391    0.063573
     0.583216    0.064156
     0.577042    0.064730
     0.570867    0.065293
     0.564693    0.065845
     0.558518    0.066386
     0.552344    0.066915
     0.546169    0.067431
     0.539995    0.067933
     0.533821    0.068420
     0.527646    0.068893
     0.521472    0.069350
     0.515298    0.069791
     0.509124    0.070215
     0.502949    0.070621
     0.496775    0.071008
     0.490601    0.071377
     0.484427    0.071725
     0.478253    0.072054
     0.472080    0.072361
     0.465906    0.072648
     0.459732    0.072915
     0.453558    0.073163
     0.447385    0.073392
     0.441211    0.073602
     0.435038    0.073793
     0.428865    0.073967
     0.422691    0.074124
     0.416518    0.074263
     0.410345    0.074386
     0.404171    0.074493
     0.397998    0.074584
     0.391825    0.074661
     0.385652    0.074722
     0.379479    0.074769
     0.373306    0.074802
     0.367133    0.074822
     0.360960    0.074828
     0.354788    0.074822
     0.348615    0.074807
     0.342442    0.074776
     0.336270    0.074706
     0.330097    0.074598
     0.323925    0.074450
     0.317752    0.074262
     0.311580    0.074035
     0.305408    0.073767
     0.299237    0.073459
     0.293065    0.073111
     0.286893    0.072721
     0.280722    0.072291
     0.274551    0.071819
     0.268380    0.071308
     0.262209    0.070762
     0.256038    0.070183
     0.249867    0.069574
     0.246703    0.069252
     0.243540    0.068923
     0.240376    0.068588
     0.237213    0.068248
     0.234049    0.067902
     0.230886    0.067552
     0.227722    0.067197
     0.224559    0.066838
     0.221395    0.066476
     0.218232    0.066110
     0.215068    0.065742
     0.211905    0.065372
     0.208741    0.065000
     0.205577    0.064626
     0.202414    0.064249
     0.199250    0.063867
     0.196087    0.063481
     0.192923    0.063088
     0.189759    0.062687
     0.186596    0.062279
     0.183432    0.061860
     0.180269    0.061431
     0.177105    0.060990
     0.173942    0.060536
     0.170779    0.060068
     0.167615    0.059588
     0.164452    0.059095
     0.161289    0.058591
     0.158125    0.058076
     0.154962    0.057550
     0.151799    0.057014
     0.148636    0.056470
     0.145472    0.055916
     0.142309    0.055355
     0.139146    0.054786
     0.135983    0.054210
     0.132820    0.053626
     0.129656    0.053032
     0.126493    0.052427
     0.123330    0.051810
     0.120167    0.051179
     0.117004    0.050534
     0.113841    0.049872
     0.110678    0.049194
     0.107515    0.048497
     0.104352    0.047780
     0.101189    0.047042
     0.098026    0.046284
     0.094863    0.045504
     0.091700    0.044704
     0.088538    0.043882
     0.085375    0.043039
     0.082212    0.042175
     0.079050    0.041289
     0.075887    0.040381
     0.072724    0.039452
     0.069562    0.038501
     0.066400    0.037526
     0.063237    0.036524
     0.060075    0.035487
     0.056913    0.034412
     0.053751    0.033291
     0.050589    0.032120
     0.047427    0.030899
     0.044265    0.029633
     0.041103    0.028328
     0.037941    0.026988
     0.034780    0.025619
     0.031618    0.024222
     0.028456    0.022790
     0.025295    0.021312
     0.022133    0.019777
     0.018971    0.018175
     0.015810    0.016496
     0.012648    0.014729
     0.009486    0.012863
     0.006324    0.010888
     0.004185    0.008500
     0.000000    0.000000
     0.004185   -0.007571
     0.006324   -0.009468
     0.009486   -0.010701
     0.012648   -0.011806
     0.015810   -0.012797
     0.018971   -0.013686
     0.022133   -0.014487
     0.025295   -0.015213
     0.028456   -0.015877
     0.031618   -0.016492
     0.034780   -0.017071
     0.037941   -0.017626
     0.041103   -0.018159
     0.044265   -0.018670
     0.047427   -0.019161
     0.050589   -0.019632
     0.053751   -0.020082
     0.056913   -0.020514
     0.060075   -0.020928
     0.063237   -0.021327
     0.066400   -0.021712
     0.069562   -0.022085
     0.072724   -0.022448
     0.075887   -0.022800
     0.079050   -0.023143
     0.082212   -0.023476
     0.085375   -0.023800
     0.088538   -0.024114
     0.091700   -0.024419
     0.094863   -0.024715
     0.098026   -0.025001
     0.101189   -0.025278
     0.104352   -0.025547
     0.107515   -0.025806
     0.110678   -0.026057
     0.113841   -0.026300
     0.117004   -0.026534
     0.120167   -0.026761
     0.123330   -0.026979
     0.126493   -0.027190
     0.129656   -0.027393
     0.132820   -0.027588
     0.135983   -0.027777
     0.139146   -0.027959
     0.142309   -0.028134
     0.145472   -0.028302
     0.148636   -0.028465
     0.151799   -0.028621
     0.154962   -0.028773
     0.158125   -0.028919
     0.161289   -0.029061
     0.164452   -0.029199
     0.167615   -0.029333
     0.170779   -0.029464
     0.173942   -0.029591
     0.177105   -0.029716
     0.180269   -0.029838
     0.183432   -0.029957
     0.186596   -0.030072
     0.189759   -0.030184
     0.192923   -0.030291
     0.196087   -0.030394
     0.199250   -0.030492
     0.202414   -0.030586
     0.205577   -0.030673
     0.208741   -0.030755
     0.211905   -0.030831
     0.215068   -0.030901
     0.218232   -0.030965
     0.221395   -0.031023
     0.224559   -0.031076
     0.227722   -0.031124
     0.230886   -0.031167
     0.234049   -0.031206
     0.237213   -0.031240
     0.240376   -0.031270
     0.243540   -0.031296
     0.246703   -0.031318
     0.249867   -0.031337
     0.256038   -0.031365
     0.262209   -0.031383
     0.268380   -0.031393
     0.274551   -0.031395
     0.280722   -0.031393
     0.286893   -0.031387
     0.293065   -0.031377
     0.299237   -0.031365
     0.305408   -0.031348
     0.311580   -0.031329
     0.317752   -0.031306
     0.323925   -0.031279
     0.330097   -0.031250
     0.336270   -0.031216
     0.342442   -0.031180
     0.348615   -0.031140
     0.354788   -0.031096
     0.360960   -0.031051
     0.367133   -0.031005
     0.373306   -0.030958
     0.379479   -0.030909
     0.385652   -0.030859
     0.391825   -0.030807
     0.397998   -0.030753
     0.404171   -0.030698
     0.410345   -0.030641
     0.416518   -0.030583
     0.422691   -0.030522
     0.428865   -0.030459
     0.435038   -0.030395
     0.441211   -0.030328
     0.447385   -0.030258
     0.453558   -0.030187
     0.459732   -0.030113
     0.465906   -0.030036
     0.472080   -0.029957
     0.478253   -0.029875
     0.484427   -0.029790
     0.490601   -0.029703
     0.496775   -0.029612
     0.502949   -0.029518
     0.509124   -0.029421
     0.515298   -0.029320
     0.521472   -0.029216
     0.527646   -0.029108
     0.533821   -0.028996
     0.539995   -0.028880
     0.546169   -0.028759
     0.552344   -0.028634
     0.558518   -0.028505
     0.564693   -0.028371
     0.570867   -0.028232
     0.577042   -0.028088
     0.583216   -0.027939
     0.589391   -0.027785
     0.595566   -0.027625
     0.601740   -0.027460
     0.607915   -0.027288
     0.614089   -0.027111
     0.620264   -0.026929
     0.626439   -0.026740
     0.632613   -0.026544
     0.638788   -0.026343
     0.644962   -0.026136
     0.651137   -0.025922
     0.657312   -0.025702
     0.663487   -0.025475
     0.669661   -0.025242
     0.675836   -0.025002
     0.682011   -0.024756
     0.688186   -0.024503
     0.694361   -0.024243
     0.700535   -0.023977
     0.706710   -0.023704
     0.712885   -0.023425
     0.719060   -0.023139
     0.725235   -0.022846
     0.731410   -0.022547
     0.737585   -0.022241
     0.743760   -0.021929
     0.749935   -0.021610
     0.753101   -0.021445
     0.756266   -0.021277
     0.759432   -0.021108
     0.762597   -0.020937
     0.765763   -0.020764
     0.768929   -0.020589
     0.772094   -0.020413
     0.775260   -0.020236
     0.778426   -0.020056
     0.781591   -0.019875
     0.784757   -0.019692
     0.787923   -0.019508
     0.791088   -0.019322
     0.794254   -0.019134
     0.797420   -0.018945
     0.800585   -0.018754
     0.803751   -0.018562
     0.806917   -0.018367
     0.810082   -0.018172
     0.813248   -0.017974
     0.816414   -0.017775
     0.819580   -0.017575
     0.822745   -0.017372
     0.825911   -0.017169
     0.829077   -0.016963
     0.832243   -0.016756
     0.835409   -0.016547
     0.838574   -0.016337
     0.841740   -0.016125
     0.844906   -0.015911
     0.848072   -0.015696
     0.851238   -0.015479
     0.854403   -0.015260
     0.857569   -0.015040
     0.860735   -0.014818
     0.863901   -0.014595
     0.867067   -0.014370
     0.870232   -0.014143
     0.873398   -0.013915
     0.876564   -0.013685
     0.879730   -0.013453
     0.882896   -0.013220
     0.886062   -0.012985
     0.889227   -0.012749
     0.892393   -0.012511
     0.895559   -0.012272
     0.898725   -0.012031
     0.901891   -0.011789
     0.905057   -0.011545
     0.908222   -0.011300
     0.911388   -0.011053
     0.914554   -0.010806
     0.917720   -0.010556
     0.920886   -0.010306
     0.924052   -0.010054
     0.927218   -0.009801
     0.930383   -0.009547
     0.933549   -0.009291
     0.936715   -0.009034
     0.939881   -0.008776
     0.943047   -0.008517
     0.946213   -0.008256
     0.949378   -0.007994
     0.952544   -0.007731
     0.955710   -0.007466
     0.958876   -0.007200
     0.962041   -0.006933
     0.965207   -0.006664
     0.968373   -0.006393
     0.971538   -0.006121
     0.974704   -0.005848
     0.977869   -0.005573
     0.981035   -0.005296
     0.984200   -0.005018
     0.987366   -0.004738
     0.990531   -0.004457
     0.993696   -0.004174
     0.996862   -0.003889
     1.000027   -0.003602
