foil_profile_rR0.550.txt
     1.000010    0.002842
     0.996844    0.003355
     0.993679    0.003867
     0.990513    0.004377
     0.987347    0.004885
     0.984182    0.005391
     0.981016    0.005896
     0.977850    0.006398
     0.974685    0.006899
     0.971519    0.007397
     0.968353    0.007894
     0.965188    0.008388
     0.962022    0.008880
     0.958857    0.009370
     0.955691    0.009857
     0.952525    0.010342
     0.949360    0.010825
     0.946194    0.011305
     0.943029    0.011783
     0.939863    0.012258
     0.936698    0.012730
     0.933532    0.013200
     0.930367    0.013667
     0.927201    0.014132
     0.924035    0.014594
     0.920870    0.015054
     0.917704    0.015511
     0.914539    0.015967
     0.911373    0.016420
     0.908208    0.016871
     0.905042    0.017321
     0.901877    0.017768
     0.898711    0.018214
     0.895546    0.018658
     0.892380    0.019100
     0.889215    0.019541
     0.886049    0.019981
     0.882884    0.020419
     0.879718    0.020856
     0.876553    0.021292
     0.873387    0.021727
     0.870222    0.022161
     0.867056    0.022593
     0.863891    0.023025
     0.860725    0.023454
     0.857560    0.023882
     0.854394    0.024309
     0.851229    0.024733
     0.848063    0.025155
     0.844898    0.025575
     0.841732    0.025992
     0.838567    0.026406
     0.835402    0.026817
     0.832236    0.027226
     0.829071    0.027631
     0.825905    0.028032
     0.822740    0.028430
     0.819574    0.028825
     0.816409    0.029215
     0.813244    0.029601
     0.810078    0.029983
     0.806913    0.030360
     0.803748    0.030734
     0.800582    0.031103
     0.797417    0.031467
     0.794251    0.031829
     0.791086    0.032186
     0.787921    0.032540
     0.784756    0.032891
     0.781590    0.033238
     0.778425    0.033582
     0.775260    0.033924
     0.772094    0.034262
     0.768929    0.034598
     0.765764    0.034932
     0.762598    0.035264
     0.759433    0.035593
     0.756268    0.035920
     0.753103    0.036246
     0.749937    0.036570
     0.743763    0.037197
     0.737589    0.037820
     0.731415    0.038435
     0.725241    0.039043
     0.719066    0.039643
     0.712892    0.040233
     0.706718    0.040813
     0.700544    0.041381
     0.694370    0.041936
     0.688196    0.042478
     0.682022    0.043005
     0.675848    0.043518
     0.669674    0.044016
     0.663500    0.044500
     0.657326    0.044970
     0.651152    0.045428
     0.644979    0.045874
     0.638805    0.046309
     0.632631    0.046733
     0.626457    0.047146
     0.620284    0.047550
     0.614110    0.047944
     0.607936    0.048330
     0.601763    0.048706
     0.595589    0.049073
     0.589415    0.049430
     0.583242    0.049777
     0.577068    0.050115
     0.570894    0.050443
     0.564721    0.050761
     0.558547    0.051068
     0.552374    0.051365
     0.546200    0.051652
     0.540027    0.051928
     0.533854    0.052193
     0.527680    0.052447
     0.521507    0.052691
     0.515333    0.052923
     0.509160    0.053144
     0.502987    0.053354
     0.496813    0.053552
     0.490640    0.053738
     0.484467    0.053913
     0.478294    0.054076
     0.472121    0.054228
     0.465947    0.054369
     0.459774    0.054498
     0.453601    0.054616
     0.447428    0.054724
     0.441255    0.054821
     0.435082    0.054907
     0.428909    0.054982
     0.422736    0.055047
     0.416563    0.055102
     0.410390    0.055147
     0.404217    0.055181
     0.398044    0.055206
     0.391872    0.055221
     0.385699    0.055227
     0.379526    0.055222
     0.373353    0.055209
     0.367180    0.055186
     0.361008    0.055145
     0.354835    0.055079
     0.348662    0.054989
     0.342490    0.054876
     0.336317    0.054740
     0.330145    0.054582
     0.323972    0.054403
     0.317800    0.054204
     0.311627    0.053985
     0.305455    0.053748
     0.299283    0.053494
     0.293111    0.053222
     0.286938    0.052934
     0.280766    0.052628
     0.274594    0.052302
     0.268422    0.051954
     0.262250    0.051582
     0.256078    0.051186
     0.249906    0.050762
     0.246742    0.050533
     0.243578    0.050297
     0.240414    0.050052
     0.237250    0.049799
     0.234086    0.049538
     0.230922    0.049268
     0.227758    0.048988
     0.224594    0.048699
     0.221430    0.048401
     0.218266    0.048093
     0.215103    0.047776
     0.211939    0.047449
     0.208775    0.047115
     0.205611    0.046774
     0.202447    0.046426
     0.199284    0.046072
     0.196120    0.045714
     0.192956    0.045351
     0.189792    0.044984
     0.186629    0.044614
     0.183465    0.044243
     0.180301    0.043870
     0.177137    0.043493
     0.173974    0.043114
     0.170810    0.042728
     0.167646    0.042337
     0.164483    0.041937
     0.161319    0.041529
     0.158155    0.041111
     0.154992    0.040681
     0.151828    0.040238
     0.148664    0.039782
     0.145501    0.039310
     0.142337    0.038823
     0.139174    0.038323
     0.136011    0.037812
     0.132847    0.037290
     0.129684    0.036759
     0.126520    0.036223
     0.123357    0.035681
     0.120194    0.035136
     0.117030    0.034590
     0.113867    0.034043
     0.110704    0.033499
     0.107540    0.032958
     0.104377    0.032418
     0.101213    0.031877
     0.098050    0.031332
     0.094887    0.030780
     0.091723    0.030218
     0.088560    0.029644
     0.085397    0.029054
     0.082233    0.028446
     0.079070    0.027817
     0.075907    0.027164
     0.072744    0.026484
     0.069581    0.025776
     0.066418    0.025040
     0.063255    0.024276
     0.060092    0.023485
     0.056929    0.022669
     0.053766    0.021827
     0.050603    0.020961
     0.047440    0.020072
     0.044277    0.019161
     0.041115    0.018231
     0.037952    0.017281
     0.034789    0.016315
     0.031627    0.015330
     0.028464    0.014325
     0.025301    0.013298
     0.022139    0.012248
     0.018976    0.011173
     0.015813    0.010069
     0.012651    0.008937
     0.009488    0.007774
     0.006325    0.006577
     0.004185    0.005259
     0.000000    0.000000
     0.004185   -0.004106
     0.006325   -0.004834
     0.009488   -0.005158
     0.012651   -0.005449
     0.015813   -0.005710
     0.018976   -0.005942
     0.022139   -0.006149
     0.025301   -0.006333
     0.028464   -0.006496
     0.031627   -0.006640
     0.034789   -0.006769
     0.037952   -0.006885
     0.041115   -0.006989
     0.044277   -0.007083
     0.047440   -0.007166
     0.050603   -0.007241
     0.053766   -0.007308
     0.056929   -0.007368
     0.060092   -0.007422
     0.063255   -0.007469
     0.066418   -0.007511
     0.069581   -0.007548
     0.072744   -0.007581
     0.075907   -0.007609
     0.079070   -0.007634
     0.082233   -0.007654
     0.085397   -0.007672
     0.088560   -0.007686
     0.091723   -0.007698
     0.094887   -0.007707
     0.098050   -0.007713
     0.101213   -0.007717
     0.104377   -0.007720
     0.107540   -0.007720
     0.110704   -0.007720
     0.113867   -0.007718
     0.117030   -0.007714
     0.120194   -0.007710
     0.123357   -0.007705
     0.126520   -0.007699
     0.129684   -0.007692
     0.132847   -0.007685
     0.136011   -0.007677
     0.139174   -0.007669
     0.142337   -0.007660
     0.145501   -0.007651
     0.148664   -0.007642
     0.151828   -0.007633
     0.154992   -0.007624
     0.158155   -0.007614
     0.161319   -0.007604
     0.164483   -0.007594
     0.167646   -0.007584
     0.170810   -0.007573
     0.173974   -0.007563
     0.177137   -0.007552
     0.180301   -0.007540
     0.183465   -0.007528
     0.186629   -0.007516
     0.189792   -0.007504
     0.192956   -0.007491
     0.196120   -0.007478
     0.199284   -0.007465
     0.202447   -0.007451
     0.205611   -0.007437
     0.208775   -0.007423
     0.211939   -0.007409
     0.215103   -0.007395
     0.218266   -0.007381
     0.221430   -0.007366
     0.224594   -0.007352
     0.227758   -0.007338
     0.230922   -0.007323
     0.234086   -0.007309
     0.237250   -0.007294
     0.240414   -0.007280
     0.243578   -0.007265
     0.246742   -0.007250
     0.249906   -0.007236
     0.256078   -0.007207
     0.262250   -0.007179
     0.268422   -0.007151
     0.274594   -0.007123
     0.280766   -0.007094
     0.286938   -0.007067
     0.293111   -0.007039
     0.299283   -0.007011
     0.305455   -0.006984
     0.311627   -0.006957
     0.317800   -0.006930
     0.323972   -0.006903
     0.330145   -0.006876
     0.336317   -0.006850
     0.342490   -0.006823
     0.348662   -0.006796
     0.354835   -0.006769
     0.361008   -0.006742
     0.367180   -0.006715
     0.373353   -0.006688
     0.379526   -0.006660
     0.385699   -0.006633
     0.391872   -0.006606
     0.398044   -0.006578
     0.404217   -0.006551
     0.410390   -0.006523
     0.416563   -0.006495
     0.422736   -0.006468
     0.428909   -0.006440
     0.435082   -0.006413
     0.441255   -0.006385
     0.447428   -0.006358
     0.453601   -0.006330
     0.459774   -0.006303
     0.465947   -0.006276
     0.472121   -0.006248
     0.478294   -0.006221
     0.484467   -0.006194
     0.490640   -0.006167
     0.496813   -0.006140
     0.502987   -0.006113
     0.509160   -0.006086
     0.515333   -0.006059
     0.521507   -0.006033
     0.527680   -0.006006
     0.533854   -0.005980
     0.540027   -0.005953
     0.546200   -0.005926
     0.552374   -0.005900
     0.558547   -0.005873
     0.564721   -0.005847
     0.570894   -0.005820
     0.577068   -0.005794
     0.583242   -0.005767
     0.589415   -0.005740
     0.595589   -0.005713
     0.601763   -0.005686
     0.607936   -0.005659
     0.614110   -0.005632
     0.620284   -0.005605
     0.626457   -0.005578
     0.632631   -0.005550
     0.638805   -0.005522
     0.644979   -0.005494
     0.651152   -0.005466
     0.657326   -0.005438
     0.663500   -0.005409
     0.669674   -0.005380
     0.675848   -0.005350
     0.682022   -0.005320
     0.688196   -0.005290
     0.694370   -0.005259
     0.700544   -0.005228
     0.706718   -0.005196
     0.712892   -0.005164
     0.719066   -0.005131
     0.725241   -0.005097
     0.731415   -0.005063
     0.737589   -0.005029
     0.743763   -0.004993
     0.749937   -0.004957
     0.753103   -0.004939
     0.756268   -0.004920
     0.759433   -0.004901
     0.762598   -0.004881
     0.765764   -0.004862
     0.768929   -0.004842
     0.772094   -0.004822
     0.775260   -0.004802
     0.778425   -0.004782
     0.781590   -0.004762
     0.784756   -0.004742
     0.787921   -0.004721
     0.791086   -0.004700
     0.794251   -0.004679
     0.797417   -0.004658
     0.800582   -0.004637
     0.803748   -0.004615
     0.806913   -0.004594
     0.810078   -0.004572
     0.813244   -0.004550
     0.816409   -0.004528
     0.819574   -0.004505
     0.822740   -0.004483
     0.825905   -0.004460
     0.829071   -0.004437
     0.832236   -0.004414
     0.835402   -0.004391
     0.838567   -0.004367
     0.841732   -0.004343
     0.844898   -0.004319
     0.848063   -0.004295
     0.851229   -0.004271
     0.854394   -0.004246
     0.857560   -0.004221
     0.860725   -0.004195
     0.863891   -0.004170
     0.867056   -0.004144
     0.870222   -0.004118
     0.873387   -0.004091
     0.876553   -0.004064
     0.879718   -0.004037
     0.882884   -0.004010
     0.886049   -0.003982
     0.889215   -0.003954
     0.892380   -0.003926
     0.895546   -0.003897
     0.898711   -0.003869
     0.901877   -0.003840
     0.905042   -0.003810
     0.908208   -0.003781
     0.911373   -0.003751
     0.914539   -0.003721
     0.917704   -0.003691
     0.920870   -0.003661
     0.924035   -0.003630
     0.927201   -0.003599
     0.930367   -0.003568
     0.933532   -0.003537
     0.936698   -0.003506
     0.939863   -0.003475
     0.943029   -0.003443
     0.946194   -0.003411
     0.949360   -0.003379
     0.952525   -0.003347
     0.955691   -0.003315
     0.958857   -0.003282
     0.962022   -0.003250
     0.965188   -0.003217
     0.968353   -0.003184
     0.971519   -0.003151
     0.974685   -0.003117
     0.977850   -0.003083
     0.981016   -0.003050
     0.984182   -0.003016
     0.987347   -0.002981
     0.990513   -0.002947
     0.993679   -0.002912
     0.996844   -0.002877
     1.000010   -0.002842
