foil_profile_rR0.900.txt
     1.000000    0.003431
     0.996836    0.003681
     0.993671    0.003929
     0.990507    0.004177
     0.987342    0.004422
     0.984178    0.004667
     0.981013    0.004909
     0.977849    0.005151
     0.974684    0.005391
     0.971520    0.005629
     0.968355    0.005866
     0.965191    0.006101
     0.962026    0.006335
     0.958862    0.006568
     0.955697    0.006798
     0.952533    0.007028
     0.949368    0.007255
     0.946204    0.007481
     0.943039    0.007706
     0.939875    0.007928
     0.936710    0.008150
     0.933546    0.008369
     0.930381    0.008588
     0.927217    0.008805
     0.924052    0.009020
     0.920888    0.009234
     0.917723    0.009446
     0.914559    0.009657
     0.911394    0.009867
     0.908230    0.010075
     0.905065    0.010282
     0.901901    0.010487
     0.898736    0.010691
     0.895572    0.010894
     0.892407    0.011096
     0.889242    0.011296
     0.886078    0.011495
     0.882913    0.011692
     0.879749    0.011888
     0.876584    0.012083
     0.873420    0.012276
     0.870255    0.012468
     0.867091    0.012658
     0.863926    0.012847
     0.860762    0.013035
     0.857597    0.013221
     0.854433    0.013406
     0.851268    0.013589
     0.848104    0.013771
     0.844939    0.013951
     0.841775    0.014130
     0.838610    0.014307
     0.835446    0.014483
     0.832281    0.014657
     0.829117    0.014830
     0.825952    0.015001
     0.822788    0.015171
     0.819623    0.015339
     0.816459    0.015506
     0.813294    0.015671
     0.810130    0.015835
     0.806965    0.015997
     0.803801    0.016158
     0.800636    0.016317
     0.797472    0.016475
     0.794307    0.016632
     0.791143    0.016786
     0.787978    0.016940
     0.784814    0.017091
     0.781649    0.017242
     0.778484    0.017390
     0.775320    0.017537
     0.772155    0.017683
     0.768991    0.017827
     0.765826    0.017970
     0.762662    0.018111
     0.759497    0.018251
     0.756333    0.018389
     0.753168    0.018525
     0.750004    0.018660
     0.743831    0.018919
     0.737658    0.019172
     0.731485    0.019419
     0.725313    0.019661
     0.719140    0.019896
     0.712967    0.020124
     0.706794    0.020347
     0.700622    0.020564
     0.694449    0.020774
     0.688276    0.020977
     0.682103    0.021175
     0.675930    0.021366
     0.669758    0.021550
     0.663585    0.021728
     0.657412    0.021900
     0.651239    0.022065
     0.645066    0.022224
     0.638894    0.022376
     0.632721    0.022522
     0.626548    0.022661
     0.620375    0.022794
     0.614202    0.022920
     0.608030    0.023040
     0.601857    0.023153
     0.595684    0.023260
     0.589511    0.023360
     0.583338    0.023453
     0.577166    0.023540
     0.570993    0.023620
     0.564820    0.023694
     0.558647    0.023761
     0.552474    0.023822
     0.546301    0.023877
     0.540129    0.023925
     0.533956    0.023966
     0.527783    0.024001
     0.521610    0.024030
     0.515437    0.024052
     0.509264    0.024068
     0.503092    0.024078
     0.496919    0.024081
     0.490746    0.024078
     0.484573    0.024068
     0.478400    0.024053
     0.472227    0.024030
     0.466055    0.024002
     0.459882    0.023966
     0.453709    0.023925
     0.447536    0.023877
     0.441363    0.023822
     0.435190    0.023761
     0.429017    0.023694
     0.422845    0.023620
     0.416672    0.023540
     0.410499    0.023453
     0.404326    0.023359
     0.398153    0.023259
     0.391980    0.023152
     0.385807    0.023039
     0.379634    0.022919
     0.373462    0.022793
     0.367289    0.022660
     0.361116    0.022521
     0.354943    0.022375
     0.348770    0.022223
     0.342597    0.022064
     0.336424    0.021899
     0.330251    0.021727
     0.324079    0.021549
     0.317906    0.021364
     0.311733    0.021173
     0.305560    0.020975
     0.299387    0.020771
     0.293214    0.020561
     0.287041    0.020344
     0.280868    0.020121
     0.274695    0.019891
     0.268523    0.019656
     0.262350    0.019415
     0.256177    0.019167
     0.250004    0.018914
     0.246839    0.018782
     0.243675    0.018649
     0.240510    0.018513
     0.237345    0.018377
     0.234181    0.018238
     0.231016    0.018099
     0.227852    0.017957
     0.224687    0.017814
     0.221523    0.017670
     0.218358    0.017523
     0.215193    0.017376
     0.212029    0.017226
     0.208864    0.017075
     0.205700    0.016922
     0.202535    0.016768
     0.199370    0.016612
     0.196206    0.016454
     0.193041    0.016295
     0.189877    0.016134
     0.186712    0.015971
     0.183547    0.015807
     0.180383    0.015641
     0.177218    0.015474
     0.174054    0.015306
     0.170889    0.015136
     0.167724    0.014964
     0.164560    0.014792
     0.161395    0.014618
     0.158231    0.014442
     0.155066    0.014266
     0.151901    0.014088
     0.148737    0.013909
     0.145572    0.013729
     0.142408    0.013548
     0.139243    0.013365
     0.136078    0.013182
     0.132914    0.012997
     0.129749    0.012811
     0.126585    0.012624
     0.123420    0.012436
     0.120255    0.012247
     0.117091    0.012057
     0.113926    0.011866
     0.110762    0.011674
     0.107597    0.011481
     0.104432    0.011286
     0.101268    0.011091
     0.098103    0.010895
     0.094939    0.010698
     0.091774    0.010499
     0.088609    0.010299
     0.085445    0.010097
     0.082280    0.009894
     0.079116    0.009688
     0.075951    0.009480
     0.072786    0.009269
     0.069622    0.009056
     0.066457    0.008840
     0.063293    0.008622
     0.060128    0.008400
     0.056963    0.008176
     0.053799    0.007949
     0.050634    0.007718
     0.047469    0.007484
     0.044305    0.007247
     0.041140    0.007007
     0.037976    0.006762
     0.034811    0.006513
     0.031646    0.006260
     0.028482    0.006002
     0.025317    0.005739
     0.022152    0.005472
     0.018988    0.005198
     0.015823    0.004919
     0.012659    0.004634
     0.009494    0.004343
     0.006329    0.004046
     0.004186    0.003024
     0.000000    0.000000
     0.004186   -0.002556
     0.006329   -0.003348
     0.009494   -0.003313
     0.012659   -0.003284
     0.015823   -0.003259
     0.018988   -0.003239
     0.022152   -0.003222
     0.025317   -0.003209
     0.028482   -0.003200
     0.031646   -0.003194
     0.034811   -0.003190
     0.037976   -0.003190
     0.041140   -0.003192
     0.044305   -0.003196
     0.047469   -0.003202
     0.050634   -0.003210
     0.053799   -0.003219
     0.056963   -0.003230
     0.060128   -0.003241
     0.063293   -0.003255
     0.066457   -0.003269
     0.069622   -0.003284
     0.072786   -0.003301
     0.075951   -0.003318
     0.079116   -0.003336
     0.082280   -0.003355
     0.085445   -0.003374
     0.088609   -0.003393
     0.091774   -0.003413
     0.094939   -0.003432
     0.098103   -0.003451
     0.101268   -0.003469
     0.104432   -0.003486
     0.107597   -0.003503
     0.110762   -0.003519
     0.113926   -0.003534
     0.117091   -0.003549
     0.120255   -0.003563
     0.123420   -0.003576
     0.126585   -0.003589
     0.129749   -0.003601
     0.132914   -0.003613
     0.136078   -0.003624
     0.139243   -0.003634
     0.142408   -0.003644
     0.145572   -0.003653
     0.148737   -0.003662
     0.151901   -0.003670
     0.155066   -0.003678
     0.158231   -0.003685
     0.161395   -0.003692
     0.164560   -0.003698
     0.167724   -0.003704
     0.170889   -0.003710
     0.174054   -0.003715
     0.177218   -0.003721
     0.180383   -0.003725
     0.183547   -0.003730
     0.186712   -0.003735
     0.189877   -0.003739
     0.193041   -0.003743
     0.196206   -0.003747
     0.199370   -0.003751
     0.202535   -0.003755
     0.205700   -0.003759
     0.208864   -0.003763
     0.212029   -0.003767
     0.215193   -0.003771
     0.218358   -0.003775
     0.221523   -0.003778
     0.224687   -0.003782
     0.227852   -0.003786
     0.231016   -0.003789
     0.234181   -0.003792
     0.237345   -0.003795
     0.240510   -0.003798
     0.243675   -0.003801
     0.246839   -0.003804
     0.250004   -0.003807
     0.256177   -0.003811
     0.262350   -0.003815
     0.268523   -0.003819
     0.274695   -0.003822
     0.280868   -0.003825
     0.287041   -0.003828
     0.293214   -0.003830
     0.299387   -0.003833
     0.305560   -0.003835
     0.311733   -0.003837
     0.317906   -0.003839
     0.324079   -0.003841
     0.330251   -0.003844
     0.336424   -0.003846
     0.342597   -0.003848
     0.348770   -0.003850
     0.354943   -0.003853
     0.361116   -0.003855
     0.367289   -0.003857
     0.373462   -0.003860
     0.379634   -0.003862
     0.385807   -0.003865
     0.391980   -0.003868
     0.398153   -0.003871
     0.404326   -0.003874
     0.410499   -0.003877
     0.416672   -0.003880
     0.422845   -0.003883
     0.429017   -0.003887
     0.435190   -0.003890
     0.441363   -0.003894
     0.447536   -0.003897
     0.453709   -0.003901
     0.459882   -0.003905
     0.466055   -0.003908
     0.472227   -0.003912
     0.478400   -0.003915
     0.484573   -0.003919
     0.490746   -0.003922
     0.496919   -0.003925
     0.503092   -0.003929
     0.509264   -0.003932
     0.515437   -0.003935
     0.521610   -0.003938
     0.527783   -0.003941
     0.533956   -0.003944
     0.540129   -0.003946
     0.546301   -0.003949
     0.552474   -0.003952
     0.558647   -0.003955
     0.564820   -0.003958
     0.570993   -0.003961
     0.577166   -0.003964
     0.583338   -0.003967
     0.589511   -0.003970
     0.595684   -0.003974
     0.601857   -0.003977
     0.608030   -0.003981
     0.614202   -0.003984
     0.620375   -0.003988
     0.626548   -0.003992
     0.632721   -0.003996
     0.638894   -0.004000
     0.645066   -0.004004
     0.651239   -0.004008
     0.657412   -0.004012
     0.663585   -0.004016
     0.669758   -0.004020
     0.675930   -0.004024
     0.682103   -0.004028
     0.688276   -0.004032
     0.694449   -0.004036
     0.700622   -0.004040
     0.706794   -0.004043
     0.712967   -0.004047
     0.719140   -0.004050
     0.725313   -0.004053
     0.731485   -0.004056
     0.737658   -0.004058
     0.743831   -0.004060
     0.750004   -0.004061
     0.753168   -0.004061
     0.756333   -0.004061
     0.759497   -0.004061
     0.762662   -0.004061
     0.765826   -0.004061
     0.768991   -0.004060
     0.772155   -0.004059
     0.775320   -0.004059
     0.778484   -0.004058
     0.781649   -0.004056
     0.784814   -0.004055
     0.787978   -0.004053
     0.791143   -0.004052
     0.794307   -0.004050
     0.797472   -0.004048
     0.800636   -0.004045
     0.803801   -0.004043
     0.806965   -0.004040
     0.810130   -0.004037
     0.813294   -0.004034
     0.816459   -0.004031
     0.819623   -0.004028
     0.822788   -0.004024
     0.825952   -0.004020
     0.829117   -0.004016
     0.832281   -0.004012
     0.835446   -0.004007
     0.838610   -0.004003
     0.841775   -0.003998
     0.844939   -0.003993
     0.848104   -0.003988
     0.851268   -0.003982
     0.854433   -0.003976
     0.857597   -0.003970
     0.860762   -0.003964
     0.863926   -0.003958
     0.867091   -0.003951
     0.870255   -0.003944
     0.873420   -0.003937
     0.876584   -0.003930
     0.879749   -0.003922
     0.882913   -0.003914
     0.886078   -0.003905
     0.889242   -0.003897
     0.892407   -0.003888
     0.895572   -0.003878
     0.898736   -0.003868
     0.901901   -0.003858
     0.905065   -0.003848
     0.908230   -0.003837
     0.911394   -0.003826
     0.914559   -0.003814
     0.917723   -0.003802
     0.920888   -0.003790
     0.924052   -0.003778
     0.927217   -0.003766
     0.930381   -0.003753
     0.933546   -0.003740
     0.936710   -0.003727
     0.939875   -0.003713
     0.943039   -0.003700
     0.946204   -0.003686
     0.949368   -0.003672
     0.952533   -0.003659
     0.955697   -0.003645
     0.958862   -0.003631
     0.962026   -0.003617
     0.965191   -0.003602
     0.968355   -0.003588
     0.971520   -0.003573
     0.974684   -0.003558
     0.977849   -0.003543
     0.981013   -0.003528
     0.984178   -0.003512
     0.987342   -0.003497
     0.990507   -0.003481
     0.993671   -0.003464
     0.996836   -0.003448
     1.000000   -0.003431
