foil_profile_rR0.350.txt
     1.000024    0.003377
     0.996859    0.003797
     0.993694    0.004230
     0.990528    0.004674
     0.987363    0.005129
     0.984198    0.005593
     0.981032    0.006068
     0.977867    0.006551
     0.974702    0.007041
     0.971536    0.007540
     0.968371    0.008045
     0.965205    0.008556
     0.962039    0.009072
     0.958874    0.009593
     0.955708    0.010119
     0.952543    0.010647
     0.949377    0.011178
     0.946211    0.011711
     0.943046    0.012246
     0.939880    0.012781
     0.936714    0.013316
     0.933548    0.013850
     0.930383    0.014384
     0.927217    0.014916
     0.924051    0.015448
     0.920886    0.015978
     0.917720    0.016508
     0.914554    0.017036
     0.911388    0.017564
     0.908223    0.018091
     0.905057    0.018617
     0.901891    0.019142
     0.898725    0.019666
     0.895560    0.020189
     0.892394    0.020712
     0.889228    0.021234
     0.886062    0.021755
     0.882897    0.022276
     0.879731    0.022795
     0.876565    0.023314
     0.873399    0.023833
     0.870233    0.024350
     0.867068    0.024867
     0.863902    0.025384
     0.860736    0.025899
     0.857570    0.026413
     0.854404    0.026925
     0.851238    0.027435
     0.848073    0.027944
     0.844907    0.028451
     0.841741    0.028955
     0.838575    0.029456
     0.835409    0.029955
     0.832244    0.030450
     0.829078    0.030942
     0.825912    0.031431
     0.822746    0.031916
     0.819581    0.032397
     0.816415    0.032874
     0.813249    0.033346
     0.810083    0.033814
     0.806918    0.034277
     0.803752    0.034735
     0.800586    0.035188
     0.797421    0.035636
     0.794255    0.036080
     0.791089    0.036519
     0.787924    0.036955
     0.784758    0.037388
     0.781592    0.037817
     0.778427    0.038243
     0.775261    0.038667
     0.772095    0.039089
     0.768930    0.039509
     0.765764    0.039928
     0.762599    0.040346
     0.759433    0.040762
     0.756267    0.041178
     0.753102    0.041594
     0.749936    0.042010
     0.743761    0.042823
     0.737586    0.043640
     0.731411    0.044461
     0.725236    0.045283
     0.719061    0.046103
     0.712885    0.046918
     0.706710    0.047723
     0.700535    0.048517
     0.694360    0.049296
     0.688185    0.050057
     0.682010    0.050796
     0.675835    0.051511
     0.669660    0.052199
     0.663486    0.052862
     0.657311    0.053501
     0.651136    0.054119
     0.644962    0.054719
     0.638787    0.055304
     0.632613    0.055875
     0.626438    0.056436
     0.620264    0.056989
     0.614089    0.057536
     0.607915    0.058080
     0.601741    0.058621
     0.595566    0.059160
     0.589392    0.059695
     0.583217    0.060225
     0.577043    0.060749
     0.570868    0.061266
     0.564694    0.061775
     0.558519    0.062276
     0.552345    0.062766
     0.546171    0.063246
     0.539996    0.063714
     0.533822    0.064169
     0.527648    0.064611
     0.521474    0.065037
     0.515299    0.065448
     0.509125    0.065842
     0.502951    0.066219
     0.496777    0.066576
     0.490603    0.066915
     0.484429    0.067232
     0.478256    0.067528
     0.472082    0.067802
     0.465908    0.068054
     0.459735    0.068286
     0.453561    0.068498
     0.447388    0.068691
     0.441214    0.068865
     0.435041    0.069022
     0.428868    0.069162
     0.422694    0.069285
     0.416521    0.069392
     0.410348    0.069485
     0.404175    0.069563
     0.398002    0.069628
     0.391829    0.069680
     0.385656    0.069719
     0.379483    0.069748
     0.373310    0.069765
     0.367137    0.069773
     0.360964    0.069771
     0.354791    0.069760
     0.348619    0.069747
     0.342446    0.069723
     0.336273    0.069670
     0.330101    0.069584
     0.323928    0.069462
     0.317756    0.069298
     0.311584    0.069090
     0.305412    0.068834
     0.299240    0.068525
     0.293068    0.068160
     0.286897    0.067736
     0.280726    0.067247
     0.274555    0.066693
     0.268384    0.066086
     0.262213    0.065442
     0.256042    0.064775
     0.249872    0.064102
     0.246708    0.063759
     0.243545    0.063421
     0.240381    0.063089
     0.237218    0.062766
     0.234054    0.062453
     0.230891    0.062154
     0.227727    0.061869
     0.224563    0.061601
     0.221399    0.061352
     0.218235    0.061125
     0.215071    0.060920
     0.211907    0.060741
     0.208743    0.060589
     0.205579    0.060462
     0.202414    0.060352
     0.199250    0.060252
     0.196085    0.060156
     0.192921    0.060055
     0.189757    0.059943
     0.186592    0.059812
     0.183428    0.059655
     0.180264    0.059465
     0.177100    0.059234
     0.173936    0.058956
     0.170772    0.058629
     0.167608    0.058262
     0.164445    0.057862
     0.161281    0.057436
     0.158118    0.056993
     0.154954    0.056540
     0.151791    0.056086
     0.148628    0.055638
     0.145464    0.055203
     0.142301    0.054791
     0.139137    0.054408
     0.135973    0.054054
     0.132809    0.053714
     0.129645    0.053375
     0.126481    0.053020
     0.123318    0.052636
     0.120154    0.052207
     0.116990    0.051718
     0.113827    0.051154
     0.110664    0.050501
     0.107502    0.049743
     0.104339    0.048866
     0.101177    0.047866
     0.098016    0.046761
     0.094855    0.045572
     0.091694    0.044320
     0.088533    0.043026
     0.085372    0.041711
     0.082211    0.040396
     0.079050    0.039100
     0.075889    0.037846
     0.072727    0.036654
     0.069565    0.035545
     0.066403    0.034525
     0.063241    0.033564
     0.060078    0.032627
     0.056916    0.031679
     0.053754    0.030685
     0.050591    0.029611
     0.047429    0.028455
     0.044268    0.027235
     0.041106    0.025972
     0.037944    0.024685
     0.034782    0.023392
     0.031621    0.022106
     0.028459    0.020814
     0.025297    0.019497
     0.022135    0.018137
     0.018972    0.016718
     0.015810    0.015220
     0.012648    0.013626
     0.009486    0.011918
     0.006324    0.010078
     0.004185    0.007763
     0.000000    0.000000
     0.004185   -0.006739
     0.006324   -0.008543
     0.009486   -0.009641
     0.012648   -0.010617
     0.015810   -0.011483
     0.018972   -0.012253
     0.022135   -0.012939
     0.025297   -0.013554
     0.028459   -0.014112
     0.031621   -0.014624
     0.034782   -0.015103
     0.037944   -0.015561
     0.041106   -0.016000
     0.044268   -0.016420
     0.047429   -0.016820
     0.050591   -0.017202
     0.053754   -0.017564
     0.056916   -0.017907
     0.060078   -0.018233
     0.063241   -0.018545
     0.066403   -0.018843
     0.069565   -0.019130
     0.072727   -0.019409
     0.075889   -0.019678
     0.079050   -0.019939
     0.082211   -0.020192
     0.085372   -0.020436
     0.088533   -0.020672
     0.091694   -0.020899
     0.094855   -0.021118
     0.098016   -0.021329
     0.101177   -0.021532
     0.104339   -0.021727
     0.107502   -0.021914
     0.110664   -0.022093
     0.113827   -0.022264
     0.116990   -0.022428
     0.120154   -0.022585
     0.123318   -0.022735
     0.126481   -0.022878
     0.129645   -0.023015
     0.132809   -0.023145
     0.135973   -0.023270
     0.139137   -0.023389
     0.142301   -0.023502
     0.145464   -0.023610
     0.148628   -0.023713
     0.151791   -0.023811
     0.154954   -0.023905
     0.158118   -0.023994
     0.161281   -0.024080
     0.164445   -0.024162
     0.167608   -0.024241
     0.170772   -0.024317
     0.173936   -0.024390
     0.177100   -0.024460
     0.180264   -0.024529
     0.183428   -0.024594
     0.186592   -0.024657
     0.189757   -0.024717
     0.192921   -0.024774
     0.196085   -0.024827
     0.199250   -0.024877
     0.202414   -0.024924
     0.205579   -0.024967
     0.208743   -0.025006
     0.211907   -0.025041
     0.215071   -0.025072
     0.218235   -0.025099
     0.221399   -0.025122
     0.224563   -0.025142
     0.227727   -0.025158
     0.230891   -0.025171
     0.234054   -0.025182
     0.237218   -0.025189
     0.240381   -0.025194
     0.243545   -0.025196
     0.246708   -0.025196
     0.249872   -0.025194
     0.256042   -0.025184
     0.262213   -0.025168
     0.268384   -0.025147
     0.274555   -0.025123
     0.280726   -0.025097
     0.286897   -0.025069
     0.293068   -0.025040
     0.299240   -0.025011
     0.305412   -0.024980
     0.311584   -0.024949
     0.317756   -0.024917
     0.323928   -0.024883
     0.330101   -0.024849
     0.336273   -0.024815
     0.342446   -0.024779
     0.348619   -0.024742
     0.354791   -0.024704
     0.360964   -0.024664
     0.367137   -0.024624
     0.373310   -0.024583
     0.379483   -0.024542
     0.385656   -0.024501
     0.391829   -0.024459
     0.398002   -0.024416
     0.404175   -0.024373
     0.410348   -0.024329
     0.416521   -0.024285
     0.422694   -0.024239
     0.428868   -0.024193
     0.435041   -0.024146
     0.441214   -0.024098
     0.447388   -0.024049
     0.453561   -0.023998
     0.459735   -0.023947
     0.465908   -0.023895
     0.472082   -0.023841
     0.478256   -0.023786
     0.484429   -0.023730
     0.490603   -0.023672
     0.496777   -0.023613
     0.502951   -0.023551
     0.509125   -0.023488
     0.515299   -0.023423
     0.521474   -0.023355
     0.527648   -0.023285
     0.533822   -0.023213
     0.539996   -0.023137
     0.546171   -0.023058
     0.552345   -0.022976
     0.558519   -0.022891
     0.564694   -0.022802
     0.570868   -0.022710
     0.577043   -0.022613
     0.583217   -0.022513
     0.589392   -0.022408
     0.595566   -0.022299
     0.601741   -0.022186
     0.607915   -0.022067
     0.614089   -0.021944
     0.620264   -0.021816
     0.626438   -0.021683
     0.632613   -0.021546
     0.638787   -0.021406
     0.644962   -0.021262
     0.651136   -0.021114
     0.657311   -0.020965
     0.663486   -0.020812
     0.669660   -0.020658
     0.675835   -0.020501
     0.682010   -0.020344
     0.688185   -0.020183
     0.694360   -0.020020
     0.700535   -0.019852
     0.706710   -0.019680
     0.712885   -0.019502
     0.719061   -0.019318
     0.725236   -0.019126
     0.731411   -0.018927
     0.737586   -0.018718
     0.743761   -0.018500
     0.749936   -0.018273
     0.753102   -0.018152
     0.756267   -0.018030
     0.759433   -0.017905
     0.762599   -0.017778
     0.765764   -0.017649
     0.768930   -0.017518
     0.772095   -0.017385
     0.775261   -0.017251
     0.778427   -0.017115
     0.781592   -0.016977
     0.784758   -0.016837
     0.787924   -0.016697
     0.791089   -0.016555
     0.794255   -0.016411
     0.797421   -0.016267
     0.800586   -0.016121
     0.803752   -0.015975
     0.806918   -0.015827
     0.810083   -0.015679
     0.813249   -0.015529
     0.816415   -0.015379
     0.819581   -0.015227
     0.822746   -0.015075
     0.825912   -0.014921
     0.829078   -0.014766
     0.832244   -0.014609
     0.835409   -0.014451
     0.838575   -0.014292
     0.841741   -0.014131
     0.844907   -0.013969
     0.848073   -0.013805
     0.851238   -0.013639
     0.854404   -0.013472
     0.857570   -0.013302
     0.860736   -0.013131
     0.863902   -0.012958
     0.867068   -0.012783
     0.870233   -0.012606
     0.873399   -0.012427
     0.876565   -0.012245
     0.879731   -0.012062
     0.882897   -0.011876
     0.886062   -0.011689
     0.889228   -0.011499
     0.892394   -0.011307
     0.895560   -0.011113
     0.898725   -0.010917
     0.901891   -0.010719
     0.905057   -0.010519
     0.908223   -0.010317
     0.911388   -0.010113
     0.914554   -0.009907
     0.917720   -0.009698
     0.920886   -0.009488
     0.924051   -0.009275
     0.927217   -0.009061
     0.930383   -0.008845
     0.933548   -0.008626
     0.936714   -0.008406
     0.939880   -0.008183
     0.943046   -0.007958
     0.946211   -0.007731
     0.949377   -0.007501
     0.952543   -0.007269
     0.955708   -0.007034
     0.958874   -0.006796
     0.962039   -0.006555
     0.965205   -0.006310
     0.968371   -0.006063
     0.971536   -0.005812
     0.974702   -0.005558
     0.977867   -0.005299
     0.981032   -0.005037
     0.984198   -0.004771
     0.987363   -0.004501
     0.990528   -0.004227
     0.993694   -0.003948
     0.996859   -0.003665
     1.000024   -0.003377
