foil_profile_rR0.450.txt
     1.000022    0.003023
     0.996856    0.003502
     0.993691    0.003982
     0.990525    0.004464
     0.987359    0.004948
     0.984194    0.005434
     0.981028    0.005920
     0.977862    0.006408
     0.974696    0.006897
     0.971531    0.007386
     0.968365    0.007876
     0.965199    0.008366
     0.962033    0.008857
     0.958867    0.009347
     0.955702    0.009837
     0.952536    0.010327
     0.949370    0.010817
     0.946204    0.011305
     0.943038    0.011793
     0.939873    0.012280
     0.936707    0.012765
     0.933541    0.013249
     0.930375    0.013731
     0.927209    0.014212
     0.924043    0.014692
     0.920878    0.015171
     0.917712    0.015648
     0.914546    0.016125
     0.911380    0.016600
     0.908214    0.017075
     0.905048    0.017550
     0.901883    0.018023
     0.898717    0.018496
     0.895551    0.018969
     0.892385    0.019442
     0.889219    0.019914
     0.886053    0.020386
     0.882887    0.020859
     0.879721    0.021331
     0.876556    0.021804
     0.873390    0.022277
     0.870224    0.022751
     0.867058    0.023225
     0.863892    0.023699
     0.860726    0.024174
     0.857560    0.024648
     0.854394    0.025121
     0.851228    0.025594
     0.848062    0.026065
     0.844896    0.026534
     0.841730    0.027002
     0.838564    0.027468
     0.835398    0.027931
     0.832233    0.028392
     0.829067    0.028849
     0.825901    0.029304
     0.822735    0.029754
     0.819569    0.030201
     0.816403    0.030643
     0.813237    0.031081
     0.810071    0.031514
     0.806906    0.031942
     0.803740    0.032365
     0.800574    0.032782
     0.797408    0.033194
     0.794242    0.033601
     0.791077    0.034004
     0.787911    0.034402
     0.784745    0.034797
     0.781579    0.035188
     0.778414    0.035576
     0.775248    0.035961
     0.772082    0.036343
     0.768917    0.036723
     0.765751    0.037100
     0.762585    0.037477
     0.759420    0.037851
     0.756254    0.038225
     0.753088    0.038598
     0.749923    0.038970
     0.743748    0.039696
     0.737572    0.040424
     0.731397    0.041153
     0.725222    0.041882
     0.719047    0.042607
     0.712872    0.043327
     0.706697    0.044039
     0.700522    0.044739
     0.694347    0.045427
     0.688172    0.046098
     0.681997    0.046751
     0.675822    0.047383
     0.669647    0.047993
     0.663473    0.048580
     0.657298    0.049147
     0.651123    0.049694
     0.644949    0.050224
     0.638774    0.050739
     0.632600    0.051239
     0.626426    0.051727
     0.620251    0.052203
     0.614077    0.052670
     0.607903    0.053129
     0.601728    0.053581
     0.595554    0.054026
     0.589380    0.054462
     0.583206    0.054890
     0.577031    0.055309
     0.570857    0.055718
     0.564683    0.056118
     0.558509    0.056508
     0.552335    0.056887
     0.546161    0.057254
     0.539987    0.057611
     0.533813    0.057955
     0.527639    0.058287
     0.521465    0.058605
     0.515291    0.058911
     0.509117    0.059203
     0.502943    0.059480
     0.496770    0.059743
     0.490596    0.059991
     0.484422    0.060224
     0.478249    0.060440
     0.472075    0.060641
     0.465902    0.060825
     0.459729    0.060995
     0.453555    0.061150
     0.447382    0.061290
     0.441209    0.061417
     0.435035    0.061531
     0.428862    0.061631
     0.422689    0.061719
     0.416516    0.061795
     0.410343    0.061859
     0.404170    0.061912
     0.397997    0.061954
     0.391824    0.061986
     0.385651    0.062009
     0.379478    0.062021
     0.373305    0.062025
     0.367133    0.062021
     0.360960    0.062008
     0.354787    0.061987
     0.348614    0.061962
     0.342441    0.061923
     0.336269    0.061857
     0.330096    0.061762
     0.323924    0.061635
     0.317752    0.061474
     0.311579    0.061274
     0.305407    0.061034
     0.299236    0.060750
     0.293064    0.060420
     0.286892    0.060041
     0.280721    0.059610
     0.274550    0.059126
     0.268379    0.058599
     0.262208    0.058042
     0.256037    0.057467
     0.249866    0.056887
     0.246702    0.056591
     0.243539    0.056299
     0.240375    0.056013
     0.237211    0.055733
     0.234048    0.055461
     0.230884    0.055200
     0.227720    0.054951
     0.224556    0.054716
     0.221392    0.054496
     0.218229    0.054292
     0.215065    0.054108
     0.211901    0.053943
     0.208736    0.053801
     0.205572    0.053678
     0.202408    0.053568
     0.199244    0.053465
     0.196080    0.053363
     0.192915    0.053256
     0.189751    0.053138
     0.186587    0.053003
     0.183423    0.052844
     0.180259    0.052656
     0.177095    0.052432
     0.173931    0.052167
     0.170768    0.051859
     0.167604    0.051517
     0.164441    0.051145
     0.161277    0.050750
     0.158114    0.050339
     0.154951    0.049917
     0.151787    0.049493
     0.148624    0.049071
     0.145461    0.048658
     0.142297    0.048261
     0.139134    0.047887
     0.135970    0.047533
     0.132807    0.047189
     0.129643    0.046842
     0.126480    0.046480
     0.123316    0.046091
     0.120153    0.045663
     0.116990    0.045183
     0.113827    0.044640
     0.110664    0.044021
     0.107502    0.043314
     0.104339    0.042507
     0.101178    0.041597
     0.098016    0.040600
     0.094855    0.039532
     0.091694    0.038411
     0.088532    0.037253
     0.085371    0.036076
     0.082210    0.034895
     0.079049    0.033729
     0.075888    0.032595
     0.072726    0.031508
     0.069565    0.030487
     0.066403    0.029536
     0.063241    0.028634
     0.060078    0.027756
     0.056916    0.026877
     0.053754    0.025971
     0.050592    0.025014
     0.047430    0.024004
     0.044268    0.022950
     0.041106    0.021863
     0.037944    0.020753
     0.034782    0.019632
     0.031620    0.018505
     0.028459    0.017365
     0.025297    0.016202
     0.022135    0.015006
     0.018972    0.013768
     0.015810    0.012477
     0.012648    0.011124
     0.009486    0.009699
     0.006324    0.008191
     0.004185    0.006353
     0.000000    0.000000
     0.004185   -0.005334
     0.006324   -0.006655
     0.009486   -0.007400
     0.012648   -0.008064
     0.015810   -0.008654
     0.018972   -0.009177
     0.022135   -0.009641
     0.025297   -0.010054
     0.028459   -0.010423
     0.031620   -0.010755
     0.034782   -0.011058
     0.037944   -0.011339
     0.041106   -0.011600
     0.044268   -0.011844
     0.047430   -0.012073
     0.050592   -0.012287
     0.053754   -0.012490
     0.056916   -0.012681
     0.060078   -0.012862
     0.063241   -0.013032
     0.066403   -0.013193
     0.069565   -0.013344
     0.072726   -0.013487
     0.075888   -0.013620
     0.079049   -0.013745
     0.082210   -0.013861
     0.085371   -0.013970
     0.088532   -0.014072
     0.091694   -0.014166
     0.094855   -0.014254
     0.098016   -0.014335
     0.101178   -0.014410
     0.104339   -0.014479
     0.107502   -0.014543
     0.110664   -0.014602
     0.113827   -0.014656
     0.116990   -0.014706
     0.120153   -0.014751
     0.123316   -0.014793
     0.126480   -0.014830
     0.129643   -0.014865
     0.132807   -0.014896
     0.135970   -0.014925
     0.139134   -0.014951
     0.142297   -0.014974
     0.145461   -0.014996
     0.148624   -0.015016
     0.151787   -0.015033
     0.154951   -0.015049
     0.158114   -0.015063
     0.161277   -0.015074
     0.164441   -0.015084
     0.167604   -0.015092
     0.170768   -0.015098
     0.173931   -0.015102
     0.177095   -0.015104
     0.180259   -0.015105
     0.183423   -0.015103
     0.186587   -0.015101
     0.189751   -0.015096
     0.192915   -0.015091
     0.196080   -0.015084
     0.199244   -0.015076
     0.202408   -0.015067
     0.205572   -0.015057
     0.208736   -0.015046
     0.211901   -0.015034
     0.215065   -0.015021
     0.218229   -0.015008
     0.221392   -0.014994
     0.224556   -0.014980
     0.227720   -0.014965
     0.230884   -0.014949
     0.234048   -0.014933
     0.237211   -0.014916
     0.240375   -0.014898
     0.243539   -0.014881
     0.246702   -0.014862
     0.249866   -0.014844
     0.256037   -0.014806
     0.262208   -0.014768
     0.268379   -0.014728
     0.274550   -0.014687
     0.280721   -0.014646
     0.286892   -0.014604
     0.293064   -0.014562
     0.299236   -0.014519
     0.305407   -0.014476
     0.311579   -0.014433
     0.317752   -0.014390
     0.323924   -0.014347
     0.330096   -0.014304
     0.336269   -0.014261
     0.342441   -0.014218
     0.348614   -0.014175
     0.354787   -0.014134
     0.360960   -0.014092
     0.367133   -0.014050
     0.373305   -0.014009
     0.379478   -0.013967
     0.385651   -0.013926
     0.391824   -0.013885
     0.397997   -0.013844
     0.404170   -0.013803
     0.410343   -0.013762
     0.416516   -0.013721
     0.422689   -0.013681
     0.428862   -0.013640
     0.435035   -0.013600
     0.441209   -0.013559
     0.447382   -0.013519
     0.453555   -0.013479
     0.459729   -0.013439
     0.465902   -0.013399
     0.472075   -0.013359
     0.478249   -0.013319
     0.484422   -0.013279
     0.490596   -0.013240
     0.496770   -0.013200
     0.502943   -0.013160
     0.509117   -0.013120
     0.515291   -0.013080
     0.521465   -0.013039
     0.527639   -0.012997
     0.533813   -0.012956
     0.539987   -0.012913
     0.546161   -0.012869
     0.552335   -0.012825
     0.558509   -0.012780
     0.564683   -0.012734
     0.570857   -0.012686
     0.577031   -0.012637
     0.583206   -0.012587
     0.589380   -0.012536
     0.595554   -0.012483
     0.601728   -0.012428
     0.607903   -0.012372
     0.614077   -0.012314
     0.620251   -0.012254
     0.626426   -0.012193
     0.632600   -0.012130
     0.638774   -0.012066
     0.644949   -0.012001
     0.651123   -0.011935
     0.657298   -0.011868
     0.663473   -0.011801
     0.669647   -0.011733
     0.675822   -0.011665
     0.681997   -0.011597
     0.688172   -0.011528
     0.694347   -0.011458
     0.700522   -0.011386
     0.706697   -0.011313
     0.712872   -0.011237
     0.719047   -0.011158
     0.725222   -0.011075
     0.731397   -0.010988
     0.737572   -0.010897
     0.743748   -0.010801
     0.749923   -0.010700
     0.753088   -0.010646
     0.756254   -0.010591
     0.759420   -0.010535
     0.762585   -0.010478
     0.765751   -0.010420
     0.768917   -0.010361
     0.772082   -0.010301
     0.775248   -0.010240
     0.778414   -0.010179
     0.781579   -0.010116
     0.784745   -0.010053
     0.787911   -0.009990
     0.791077   -0.009925
     0.794242   -0.009860
     0.797408   -0.009795
     0.800574   -0.009729
     0.803740   -0.009663
     0.806906   -0.009596
     0.810071   -0.009529
     0.813237   -0.009462
     0.816403   -0.009394
     0.819569   -0.009325
     0.822735   -0.009256
     0.825901   -0.009186
     0.829067   -0.009116
     0.832233   -0.009045
     0.835398   -0.008973
     0.838564   -0.008900
     0.841730   -0.008826
     0.844896   -0.008751
     0.848062   -0.008675
     0.851228   -0.008597
     0.854394   -0.008519
     0.857560   -0.008439
     0.860726   -0.008358
     0.863892   -0.008276
     0.867058   -0.008192
     0.870224   -0.008107
     0.873390   -0.008020
     0.876556   -0.007931
     0.879721   -0.007841
     0.882887   -0.007750
     0.886053   -0.007656
     0.889219   -0.007561
     0.892385   -0.007464
     0.895551   -0.007365
     0.898717   -0.007265
     0.901883   -0.007163
     0.905048   -0.007058
     0.908214   -0.006952
     0.911380   -0.006844
     0.914546   -0.006735
     0.917712   -0.006623
     0.920878   -0.006509
     0.924043   -0.006393
     0.927209   -0.006275
     0.930375   -0.006155
     0.933541   -0.006032
     0.936707   -0.005908
     0.939873   -0.005781
     0.943038   -0.005653
     0.946204   -0.005522
     0.949370   -0.005389
     0.952536   -0.005254
     0.955702   -0.005117
     0.958867   -0.004979
     0.962033   -0.004838
     0.965199   -0.004696
     0.968365   -0.004552
     0.971531   -0.004406
     0.974696   -0.004259
     0.977862   -0.004109
     0.981028   -0.003959
     0.984194   -0.003807
     0.987359   -0.003653
     0.990525   -0.003497
     0.993691   -0.003341
     0.996856   -0.003183
     1.000022   -0.003023
