foil_profile_rR0.167.txt
     1.000079    0.003777
     0.996914    0.004077
     0.993749    0.004428
     0.990584    0.004827
     0.987418    0.005271
     0.984252    0.005757
     0.981085    0.006283
     0.977919    0.006845
     0.974752    0.007442
     0.971585    0.008071
     0.968418    0.008728
     0.965251    0.009411
     0.962084    0.010118
     0.958916    0.010845
     0.955749    0.011591
     0.952581    0.012352
     0.949413    0.013125
     0.946245    0.013908
     0.943078    0.014699
     0.939910    0.015494
     0.936742    0.016291
     0.933574    0.017088
     0.930406    0.017882
     0.927238    0.018674
     0.924070    0.019464
     0.920903    0.020252
     0.917735    0.021038
     0.914567    0.021822
     0.911399    0.022605
     0.908231    0.023385
     0.905063    0.024165
     0.901896    0.024942
     0.898728    0.025718
     0.895560    0.026493
     0.892392    0.027266
     0.889225    0.028038
     0.886057    0.028808
     0.882889    0.029578
     0.879721    0.030346
     0.876554    0.031113
     0.873386    0.031879
     0.870218    0.032644
     0.867050    0.033409
     0.863883    0.034172
     0.860715    0.034933
     0.857547    0.035691
     0.854379    0.036447
     0.851212    0.037199
     0.848044    0.037948
     0.844876    0.038692
     0.841709    0.039432
     0.838541    0.040166
     0.835374    0.040894
     0.832206    0.041617
     0.829039    0.042332
     0.825871    0.043040
     0.822704    0.043740
     0.819537    0.044432
     0.816369    0.045116
     0.813202    0.045790
     0.810035    0.046454
     0.806868    0.047108
     0.803701    0.047752
     0.800534    0.048384
     0.797367    0.049007
     0.794200    0.049621
     0.791033    0.050226
     0.787867    0.050822
     0.784700    0.051412
     0.781533    0.051995
     0.778367    0.052571
     0.775200    0.053143
     0.772033    0.053709
     0.768867    0.054271
     0.765700    0.054830
     0.762534    0.055387
     0.759367    0.055940
     0.756201    0.056493
     0.753034    0.057045
     0.749868    0.057596
     0.743691    0.058674
     0.737514    0.059758
     0.731337    0.060849
     0.725160    0.061943
     0.718983    0.063037
     0.712806    0.064125
     0.706629    0.065205
     0.700452    0.066271
     0.694276    0.067320
     0.688099    0.068348
     0.681923    0.069351
     0.675746    0.070324
     0.669570    0.071264
     0.663394    0.072173
     0.657219    0.073054
     0.651043    0.073908
     0.644868    0.074739
     0.638692    0.075548
     0.632517    0.076340
     0.626342    0.077116
     0.620167    0.077878
     0.613992    0.078631
     0.607817    0.079375
     0.601642    0.080112
     0.595467    0.080841
     0.589293    0.081561
     0.583118    0.082271
     0.576943    0.082970
     0.570768    0.083657
     0.564594    0.084331
     0.558419    0.084990
     0.552244    0.085634
     0.546070    0.086262
     0.539895    0.086872
     0.533721    0.087464
     0.527547    0.088036
     0.521373    0.088587
     0.515198    0.089117
     0.509025    0.089625
     0.502851    0.090108
     0.496677    0.090567
     0.490503    0.091000
     0.484330    0.091406
     0.478156    0.091784
     0.471983    0.092134
     0.465810    0.092456
     0.459637    0.092753
     0.453464    0.093023
     0.447291    0.093269
     0.441118    0.093491
     0.434946    0.093691
     0.428773    0.093868
     0.422601    0.094024
     0.416428    0.094159
     0.410256    0.094275
     0.404084    0.094373
     0.397911    0.094452
     0.391739    0.094515
     0.385567    0.094562
     0.379395    0.094594
     0.373222    0.094612
     0.367050    0.094616
     0.360878    0.094607
     0.354706    0.094588
     0.348534    0.094568
     0.342361    0.094538
     0.336189    0.094470
     0.330017    0.094360
     0.323845    0.094203
     0.317673    0.093996
     0.311501    0.093735
     0.305329    0.093415
     0.299158    0.093032
     0.292987    0.092582
     0.286816    0.092061
     0.280645    0.091465
     0.274475    0.090793
     0.268306    0.090050
     0.262136    0.089244
     0.255967    0.088385
     0.249798    0.087480
     0.246636    0.087001
     0.243473    0.086514
     0.240311    0.086018
     0.237148    0.085517
     0.233986    0.085010
     0.230823    0.084498
     0.227661    0.083984
     0.224498    0.083468
     0.221335    0.082951
     0.218173    0.082434
     0.215010    0.081918
     0.211847    0.081405
     0.208685    0.080895
     0.205522    0.080388
     0.202359    0.079879
     0.199196    0.079365
     0.196033    0.078844
     0.192870    0.078311
     0.189707    0.077764
     0.186545    0.077199
     0.183382    0.076612
     0.180220    0.076001
     0.177057    0.075362
     0.173895    0.074692
     0.170733    0.073991
     0.167571    0.073262
     0.164409    0.072509
     0.161247    0.071734
     0.158085    0.070942
     0.154924    0.070136
     0.151762    0.069319
     0.148600    0.068495
     0.145439    0.067667
     0.142277    0.066838
     0.139115    0.066013
     0.135953    0.065190
     0.132791    0.064367
     0.129629    0.063540
     0.126467    0.062704
     0.123305    0.061856
     0.120143    0.060993
     0.116981    0.060109
     0.113819    0.059202
     0.110657    0.058267
     0.107495    0.057300
     0.104334    0.056298
     0.101172    0.055261
     0.098011    0.054192
     0.094850    0.053099
     0.091688    0.051987
     0.088527    0.050862
     0.085366    0.049730
     0.082204    0.048597
     0.079043    0.047469
     0.075881    0.046351
     0.072719    0.045250
     0.069556    0.044170
     0.066393    0.043103
     0.063231    0.042001
     0.060069    0.040813
     0.056907    0.039488
     0.053747    0.037974
     0.050588    0.036225
     0.047430    0.034273
     0.044273    0.032197
     0.041116    0.030080
     0.037959    0.028004
     0.034800    0.026051
     0.031640    0.024276
     0.028479    0.022657
     0.025317    0.021153
     0.022154    0.019729
     0.018990    0.018344
     0.015826    0.016962
     0.012661    0.015543
     0.009495    0.014051
     0.006330    0.012445
     0.005269    0.012009
     0.004963    0.011810
     0.004688    0.011490
     0.004187    0.010660
     0.003118    0.008352
     0.000000    0.000000
     0.003118   -0.008378
     0.004187   -0.010700
     0.004688   -0.011538
     0.004963   -0.011863
     0.005269   -0.012069
     0.006330   -0.012531
     0.009495   -0.014212
     0.012661   -0.015768
     0.015826   -0.017207
     0.018990   -0.018543
     0.022154   -0.019786
     0.025317   -0.020946
     0.028479   -0.022035
     0.031640   -0.023065
     0.034800   -0.024046
     0.037959   -0.024989
     0.041116   -0.025898
     0.044273   -0.026779
     0.047430   -0.027634
     0.050588   -0.028469
     0.053747   -0.029287
     0.056907   -0.030089
     0.060069   -0.030875
     0.063231   -0.031641
     0.066393   -0.032387
     0.069556   -0.033110
     0.072719   -0.033809
     0.075881   -0.034483
     0.079043   -0.035134
     0.082204   -0.035763
     0.085366   -0.036371
     0.088527   -0.036959
     0.091688   -0.037527
     0.094850   -0.038078
     0.098011   -0.038611
     0.101172   -0.039128
     0.104334   -0.039630
     0.107495   -0.040118
     0.110657   -0.040593
     0.113819   -0.041054
     0.116981   -0.041502
     0.120143   -0.041938
     0.123305   -0.042362
     0.126467   -0.042775
     0.129629   -0.043176
     0.132791   -0.043566
     0.135953   -0.043945
     0.139115   -0.044314
     0.142277   -0.044673
     0.145439   -0.045023
     0.148600   -0.045364
     0.151762   -0.045695
     0.154924   -0.046017
     0.158085   -0.046330
     0.161247   -0.046635
     0.164409   -0.046932
     0.167571   -0.047220
     0.170733   -0.047501
     0.173895   -0.047773
     0.177057   -0.048039
     0.180220   -0.048296
     0.183382   -0.048547
     0.186545   -0.048790
     0.189707   -0.049026
     0.192870   -0.049255
     0.196033   -0.049477
     0.199196   -0.049692
     0.202359   -0.049900
     0.205522   -0.050101
     0.208685   -0.050296
     0.211847   -0.050483
     0.215010   -0.050665
     0.218173   -0.050840
     0.221335   -0.051008
     0.224498   -0.051170
     0.227661   -0.051327
     0.230823   -0.051477
     0.233986   -0.051622
     0.237148   -0.051761
     0.240311   -0.051895
     0.243473   -0.052024
     0.246636   -0.052147
     0.249798   -0.052265
     0.255967   -0.052482
     0.262136   -0.052681
     0.268306   -0.052863
     0.274475   -0.053030
     0.280645   -0.053183
     0.286816   -0.053322
     0.292987   -0.053444
     0.299158   -0.053548
     0.305329   -0.053630
     0.311501   -0.053687
     0.317673   -0.053718
     0.323845   -0.053718
     0.330017   -0.053686
     0.336189   -0.053618
     0.342361   -0.053512
     0.348534   -0.053365
     0.354706   -0.053207
     0.360878   -0.053050
     0.367050   -0.052880
     0.373222   -0.052697
     0.379395   -0.052500
     0.385567   -0.052291
     0.391739   -0.052070
     0.397911   -0.051836
     0.404084   -0.051591
     0.410256   -0.051335
     0.416428   -0.051067
     0.422601   -0.050788
     0.428773   -0.050499
     0.434946   -0.050200
     0.441118   -0.049892
     0.447291   -0.049573
     0.453464   -0.049246
     0.459637   -0.048909
     0.465810   -0.048564
     0.471983   -0.048211
     0.478156   -0.047850
     0.484330   -0.047482
     0.490503   -0.047106
     0.496677   -0.046722
     0.502851   -0.046332
     0.509025   -0.045935
     0.515198   -0.045532
     0.521373   -0.045121
     0.527547   -0.044705
     0.533721   -0.044282
     0.539895   -0.043853
     0.546070   -0.043418
     0.552244   -0.042977
     0.558419   -0.042531
     0.564594   -0.042080
     0.570768   -0.041623
     0.576943   -0.041161
     0.583118   -0.040694
     0.589293   -0.040222
     0.595467   -0.039746
     0.601642   -0.039265
     0.607817   -0.038780
     0.613992   -0.038291
     0.620167   -0.037798
     0.626342   -0.037302
     0.632517   -0.036803
     0.638692   -0.036302
     0.644868   -0.035799
     0.651043   -0.035295
     0.657219   -0.034790
     0.663394   -0.034285
     0.669570   -0.033780
     0.675746   -0.033275
     0.681923   -0.032772
     0.688099   -0.032270
     0.694276   -0.031767
     0.700452   -0.031264
     0.706629   -0.030759
     0.712806   -0.030252
     0.718983   -0.029742
     0.725160   -0.029228
     0.731337   -0.028710
     0.737514   -0.028187
     0.743691   -0.027659
     0.749868   -0.027124
     0.753034   -0.026848
     0.756201   -0.026571
     0.759367   -0.026293
     0.762534   -0.026013
     0.765700   -0.025732
     0.768867   -0.025450
     0.772033   -0.025167
     0.775200   -0.024883
     0.778367   -0.024598
     0.781533   -0.024312
     0.784700   -0.024025
     0.787867   -0.023738
     0.791033   -0.023450
     0.794200   -0.023161
     0.797367   -0.022872
     0.800534   -0.022582
     0.803701   -0.022292
     0.806868   -0.022001
     0.810035   -0.021710
     0.813202   -0.021419
     0.816369   -0.021127
     0.819537   -0.020835
     0.822704   -0.020542
     0.825871   -0.020249
     0.829039   -0.019956
     0.832206   -0.019662
     0.835374   -0.019368
     0.838541   -0.019074
     0.841709   -0.018779
     0.844876   -0.018483
     0.848044   -0.018188
     0.851212   -0.017892
     0.854379   -0.017595
     0.857547   -0.017298
     0.860715   -0.017001
     0.863883   -0.016703
     0.867050   -0.016405
     0.870218   -0.016106
     0.873386   -0.015807
     0.876554   -0.015507
     0.879721   -0.015207
     0.882889   -0.014907
     0.886057   -0.014606
     0.889225   -0.014305
     0.892392   -0.014003
     0.895560   -0.013701
     0.898728   -0.013399
     0.901896   -0.013095
     0.905063   -0.012792
     0.908231   -0.012488
     0.911399   -0.012184
     0.914567   -0.011879
     0.917735   -0.011573
     0.920903   -0.011268
     0.924070   -0.010961
     0.927238   -0.010655
     0.930406   -0.010347
     0.933574   -0.010040
     0.936742   -0.009732
     0.939910   -0.009423
     0.943078   -0.009115
     0.946245   -0.008806
     0.949413   -0.008498
     0.952581   -0.008190
     0.955749   -0.007883
     0.958916   -0.007577
     0.962084   -0.007272
     0.965251   -0.006968
     0.968418   -0.006666
     0.971585   -0.006365
     0.974752   -0.006067
     0.977919   -0.005771
     0.981085   -0.005477
     0.984252   -0.005186
     0.987418   -0.004897
     0.990584   -0.004612
     0.993749   -0.004330
     0.996914   -0.004052
     1.000079   -0.003777
