foil_profile_rR0.600.txt
     1.000004    0.002786
     0.996839    0.003288
     0.993673    0.003788
     0.990508    0.004286
     0.987343    0.004781
     0.984178    0.005274
     0.981012    0.005765
     0.977847    0.006254
     0.974682    0.006740
     0.971517    0.007224
     0.968351    0.007706
     0.965186    0.008185
     0.962021    0.008661
     0.958856    0.009135
     0.955691    0.009607
     0.952525    0.010076
     0.949360    0.010543
     0.946195    0.011007
     0.943030    0.011468
     0.939865    0.011927
     0.936699    0.012382
     0.933534    0.012836
     0.930369    0.013286
     0.927204    0.013734
     0.924039    0.014180
     0.920873    0.014623
     0.917708    0.015063
     0.914543    0.015501
     0.911378    0.015937
     0.908213    0.016370
     0.905048    0.016801
     0.901882    0.017230
     0.898717    0.017656
     0.895552    0.018080
     0.892387    0.018502
     0.889222    0.018921
     0.886057    0.019339
     0.882892    0.019754
     0.879726    0.020168
     0.876561    0.020579
     0.873396    0.020988
     0.870231    0.021395
     0.867066    0.021800
     0.863901    0.022203
     0.860736    0.022603
     0.857571    0.023001
     0.854406    0.023397
     0.851240    0.023790
     0.848075    0.024180
     0.844910    0.024568
     0.841745    0.024953
     0.838580    0.025335
     0.835415    0.025714
     0.832250    0.026090
     0.829085    0.026464
     0.825920    0.026834
     0.822755    0.027201
     0.819590    0.027564
     0.816425    0.027925
     0.813259    0.028282
     0.810094    0.028635
     0.806929    0.028986
     0.803764    0.029333
     0.800599    0.029677
     0.797434    0.030018
     0.794269    0.030356
     0.791104    0.030691
     0.787939    0.031023
     0.784774    0.031352
     0.781609    0.031679
     0.778444    0.032003
     0.775279    0.032324
     0.772114    0.032643
     0.768949    0.032959
     0.765784    0.033273
     0.762619    0.033584
     0.759454    0.033893
     0.756289    0.034200
     0.753124    0.034504
     0.749959    0.034806
     0.743786    0.035390
     0.737612    0.035964
     0.731438    0.036528
     0.725265    0.037083
     0.719091    0.037628
     0.712918    0.038161
     0.706744    0.038684
     0.700570    0.039195
     0.694397    0.039695
     0.688223    0.040182
     0.682050    0.040657
     0.675876    0.041121
     0.669703    0.041573
     0.663529    0.042013
     0.657356    0.042443
     0.651183    0.042862
     0.645009    0.043270
     0.638836    0.043667
     0.632662    0.044055
     0.626489    0.044433
     0.620316    0.044801
     0.614142    0.045159
     0.607969    0.045506
     0.601796    0.045844
     0.595622    0.046172
     0.589449    0.046489
     0.583276    0.046797
     0.577103    0.047094
     0.570929    0.047381
     0.564756    0.047658
     0.558583    0.047924
     0.552410    0.048180
     0.546237    0.048426
     0.540063    0.048661
     0.533890    0.048886
     0.527717    0.049101
     0.521544    0.049304
     0.515371    0.049498
     0.509198    0.049680
     0.503025    0.049852
     0.496852    0.050014
     0.490679    0.050165
     0.484505    0.050306
     0.478332    0.050436
     0.472159    0.050556
     0.465986    0.050666
     0.459813    0.050766
     0.453641    0.050857
     0.447468    0.050937
     0.441295    0.051007
     0.435122    0.051068
     0.428949    0.051119
     0.422776    0.051161
     0.416603    0.051193
     0.410430    0.051216
     0.404257    0.051229
     0.398084    0.051234
     0.391912    0.051229
     0.385739    0.051214
     0.379566    0.051181
     0.373393    0.051126
     0.367221    0.051052
     0.361048    0.050957
     0.354875    0.050843
     0.348702    0.050710
     0.342530    0.050558
     0.336357    0.050388
     0.330185    0.050200
     0.324012    0.049994
     0.317840    0.049771
     0.311667    0.049532
     0.305495    0.049276
     0.299322    0.049004
     0.293150    0.048715
     0.286977    0.048408
     0.280805    0.048084
     0.274633    0.047741
     0.268460    0.047380
     0.262288    0.047000
     0.256116    0.046600
     0.249943    0.046180
     0.246779    0.045958
     0.243615    0.045729
     0.240451    0.045496
     0.237286    0.045256
     0.234122    0.045012
     0.230958    0.044761
     0.227794    0.044506
     0.224630    0.044244
     0.221465    0.043977
     0.218301    0.043704
     0.215137    0.043426
     0.211973    0.043142
     0.208809    0.042852
     0.205645    0.042556
     0.202480    0.042255
     0.199316    0.041948
     0.196152    0.041636
     0.192988    0.041317
     0.189824    0.040993
     0.186660    0.040663
     0.183496    0.040327
     0.180332    0.039984
     0.177168    0.039635
     0.174004    0.039279
     0.170840    0.038916
     0.167676    0.038547
     0.164511    0.038170
     0.161347    0.037786
     0.158183    0.037394
     0.155019    0.036994
     0.151855    0.036587
     0.148691    0.036171
     0.145528    0.035747
     0.142364    0.035315
     0.139200    0.034873
     0.136036    0.034423
     0.132872    0.033963
     0.129708    0.033494
     0.126544    0.033015
     0.123380    0.032526
     0.120216    0.032027
     0.117052    0.031517
     0.113889    0.030997
     0.110725    0.030466
     0.107561    0.029926
     0.104397    0.029376
     0.101233    0.028816
     0.098070    0.028249
     0.094906    0.027672
     0.091742    0.027088
     0.088578    0.026497
     0.085415    0.025898
     0.082251    0.025293
     0.079087    0.024682
     0.075924    0.024064
     0.072760    0.023439
     0.069596    0.022801
     0.066432    0.022148
     0.063269    0.021474
     0.060105    0.020776
     0.056942    0.020050
     0.053778    0.019296
     0.050615    0.018515
     0.047451    0.017711
     0.044288    0.016888
     0.041124    0.016048
     0.037961    0.015194
     0.034797    0.014328
     0.031634    0.013449
     0.028471    0.012557
     0.025307    0.011650
     0.022144    0.010726
     0.018980    0.009786
     0.015817    0.008828
     0.012654    0.007851
     0.009490    0.006854
     0.006327    0.005836
     0.004186    0.004755
     0.000000    0.000000
     0.004186   -0.003623
     0.006327   -0.004126
     0.009490   -0.004293
     0.012654   -0.004442
     0.015817   -0.004574
     0.018980   -0.004690
     0.022144   -0.004792
     0.025307   -0.004881
     0.028471   -0.004958
     0.031634   -0.005025
     0.034797   -0.005082
     0.037961   -0.005131
     0.041124   -0.005173
     0.044288   -0.005209
     0.047451   -0.005240
     0.050615   -0.005265
     0.053778   -0.005285
     0.056942   -0.005301
     0.060105   -0.005313
     0.063269   -0.005322
     0.066432   -0.005328
     0.069596   -0.005331
     0.072760   -0.005332
     0.075924   -0.005331
     0.079087   -0.005329
     0.082251   -0.005326
     0.085415   -0.005322
     0.088578   -0.005317
     0.091742   -0.005311
     0.094906   -0.005305
     0.098070   -0.005298
     0.101233   -0.005291
     0.104397   -0.005283
     0.107561   -0.005275
     0.110725   -0.005266
     0.113889   -0.005258
     0.117052   -0.005249
     0.120216   -0.005240
     0.123380   -0.005232
     0.126544   -0.005223
     0.129708   -0.005214
     0.132872   -0.005205
     0.136036   -0.005196
     0.139200   -0.005188
     0.142364   -0.005179
     0.145528   -0.005170
     0.148691   -0.005161
     0.151855   -0.005152
     0.155019   -0.005143
     0.158183   -0.005134
     0.161347   -0.005126
     0.164511   -0.005117
     0.167676   -0.005108
     0.170840   -0.005099
     0.174004   -0.005090
     0.177168   -0.005081
     0.180332   -0.005073
     0.183496   -0.005064
     0.186660   -0.005055
     0.189824   -0.005046
     0.192988   -0.005037
     0.196152   -0.005028
     0.199316   -0.005020
     0.202480   -0.005011
     0.205645   -0.005002
     0.208809   -0.004993
     0.211973   -0.004984
     0.215137   -0.004975
     0.218301   -0.004967
     0.221465   -0.004958
     0.224630   -0.004949
     0.227794   -0.004940
     0.230958   -0.004931
     0.234122   -0.004922
     0.237286   -0.004914
     0.240451   -0.004905
     0.243615   -0.004896
     0.246779   -0.004887
     0.249943   -0.004878
     0.256116   -0.004861
     0.262288   -0.004844
     0.268460   -0.004827
     0.274633   -0.004809
     0.280805   -0.004792
     0.286977   -0.004775
     0.293150   -0.004758
     0.299322   -0.004741
     0.305495   -0.004723
     0.311667   -0.004706
     0.317840   -0.004689
     0.324012   -0.004672
     0.330185   -0.004654
     0.336357   -0.004637
     0.342530   -0.004620
     0.348702   -0.004603
     0.354875   -0.004585
     0.361048   -0.004568
     0.367221   -0.004551
     0.373393   -0.004534
     0.379566   -0.004517
     0.385739   -0.004499
     0.391912   -0.004482
     0.398084   -0.004465
     0.404257   -0.004448
     0.410430   -0.004430
     0.416603   -0.004413
     0.422776   -0.004396
     0.428949   -0.004379
     0.435122   -0.004362
     0.441295   -0.004344
     0.447468   -0.004327
     0.453641   -0.004310
     0.459813   -0.004293
     0.465986   -0.004275
     0.472159   -0.004258
     0.478332   -0.004241
     0.484505   -0.004224
     0.490679   -0.004207
     0.496852   -0.004189
     0.503025   -0.004172
     0.509198   -0.004155
     0.515371   -0.004138
     0.521544   -0.004120
     0.527717   -0.004103
     0.533890   -0.004086
     0.540063   -0.004069
     0.546237   -0.004052
     0.552410   -0.004034
     0.558583   -0.004017
     0.564756   -0.004000
     0.570929   -0.003983
     0.577103   -0.003965
     0.583276   -0.003948
     0.589449   -0.003931
     0.595622   -0.003914
     0.601796   -0.003897
     0.607969   -0.003879
     0.614142   -0.003862
     0.620316   -0.003845
     0.626489   -0.003828
     0.632662   -0.003810
     0.638836   -0.003793
     0.645009   -0.003776
     0.651183   -0.003759
     0.657356   -0.003742
     0.663529   -0.003724
     0.669703   -0.003707
     0.675876   -0.003690
     0.682050   -0.003673
     0.688223   -0.003655
     0.694397   -0.003638
     0.700570   -0.003621
     0.706744   -0.003604
     0.712918   -0.003587
     0.719091   -0.003569
     0.725265   -0.003552
     0.731438   -0.003535
     0.737612   -0.003518
     0.743786   -0.003500
     0.749959   -0.003483
     0.753124   -0.003474
     0.756289   -0.003466
     0.759454   -0.003457
     0.762619   -0.003448
     0.765784   -0.003439
     0.768949   -0.003430
     0.772114   -0.003421
     0.775279   -0.003413
     0.778444   -0.003404
     0.781609   -0.003395
     0.784774   -0.003386
     0.787939   -0.003377
     0.791104   -0.003368
     0.794269   -0.003360
     0.797434   -0.003351
     0.800599   -0.003342
     0.803764   -0.003333
     0.806929   -0.003324
     0.810094   -0.003315
     0.813259   -0.003307
     0.816425   -0.003298
     0.819590   -0.003289
     0.822755   -0.003280
     0.825920   -0.003271
     0.829085   -0.003262
     0.832250   -0.003254
     0.835415   -0.003245
     0.838580   -0.003236
     0.841745   -0.003227
     0.844910   -0.003218
     0.848075   -0.003209
     0.851240   -0.003201
     0.854406   -0.003192
     0.857571   -0.003183
     0.860736   -0.003174
     0.863901   -0.003165
     0.867066   -0.003156
     0.870231   -0.003148
     0.873396   -0.003139
     0.876561   -0.003130
     0.879726   -0.003121
     0.882892   -0.003112
     0.886057   -0.003103
     0.889222   -0.003095
     0.892387   -0.003086
     0.895552   -0.003077
     0.898717   -0.003068
     0.901882   -0.003059
     0.905048   -0.003051
     0.908213   -0.003042
     0.911378   -0.003033
     0.914543   -0.003024
     0.917708   -0.003015
     0.920873   -0.003006
     0.924039   -0.002998
     0.927204   -0.002989
     0.930369   -0.002980
     0.933534   -0.002971
     0.936699   -0.002962
     0.939865   -0.002953
     0.943030   -0.002945
     0.946195   -0.002936
     0.949360   -0.002927
     0.952525   -0.002918
     0.955691   -0.002909
     0.958856   -0.002900
     0.962021   -0.002892
     0.965186   -0.002883
     0.968351   -0.002874
     0.971517   -0.002865
     0.974682   -0.002856
     0.977847   -0.002847
     0.981012   -0.002839
     0.984178   -0.002830
     0.987343   -0.002821
     0.990508   -0.002812
     0.993673   -0.002803
     0.996839   -0.002794
     1.000004   -0.002786
